/*--------------------------------*- C++ -*----------------------------------*\
| =========                 |                                                 |
| \\      /  F ield         | OpenFOAM: The Open Source CFD Toolbox           |
|  \\    /   O peration     | Version:  v2012                                 |
|   \\  /    A nd           | Website:  www.openfoam.com                      |
|    \\/     M anipulation  |                                                 |
\*---------------------------------------------------------------------------*/
FoamFile
{
    version     2.0;
    format      ascii;
    class       faceSet;
    location    "constant/polyMesh/sets";
    object      bottomPatch;
}
// * * * * * * * * * * * * * * * * * * * * * * * * * * * * * * * * * * * * * //


9833
(
863466
863467
863468
863469
863470
863471
863472
863473
863474
863475
863476
863477
863478
863479
863480
863481
863482
863483
863484
863485
863486
863487
863488
863489
863490
863491
863492
863493
863494
863495
863496
863497
863498
863499
863500
863501
863502
863503
863504
863505
863506
863507
863508
863509
863510
863511
863512
863513
863514
863515
863516
863517
863518
863519
863520
863521
863522
863523
863524
863525
863526
863527
863528
863529
863530
863531
863532
863533
863534
863535
863536
863537
863538
863539
863540
863541
863542
863543
863544
863545
863546
863547
863548
863549
863550
863551
863552
863553
863554
863555
863556
863557
863558
863559
863560
863561
863562
863563
863564
863565
863566
863567
863568
863569
863570
863571
863572
863573
863574
863575
863576
863577
863578
863579
863580
863581
864176
864177
864179
864180
864181
864182
864183
864184
864185
864186
864187
864188
864190
864191
864192
864194
864196
864197
864198
864201
864202
864203
864204
864206
864208
864210
864212
864213
864214
864216
866916
866917
866918
866919
866920
866921
866922
866923
866925
866926
866929
866932
866933
866934
866935
866936
866937
866938
866939
866940
866941
866942
866943
866944
866945
866946
866947
866948
866951
866952
866953
866954
866955
866956
866957
866958
866959
866960
866961
866962
866963
866964
866965
866966
866967
866968
866969
866970
866971
866972
866973
866974
866975
866976
866977
866978
866979
866982
866983
866984
866985
866986
866987
866988
866989
866990
866991
866992
866993
866994
866995
866996
866997
866998
866999
867000
867001
867002
867003
867004
867005
867006
867007
867008
867009
867010
867011
867012
867013
867014
867015
867016
867017
867018
867019
867020
867021
867022
867023
867024
867025
867026
867027
867028
867029
867030
867031
867032
867033
867034
867035
867036
867037
867038
867039
867040
867041
867042
867043
867044
867046
867047
867048
867049
867050
867051
867052
867053
867054
867055
867056
867057
867058
867059
867060
867061
867062
867063
867064
867065
867066
867067
867068
867069
867070
867071
867072
867073
867074
867075
867076
867077
867078
867079
867080
867082
867083
867084
867085
867086
867087
867088
867089
867090
867091
867092
867093
867094
867095
867096
867097
867098
867099
867100
867101
867102
867103
867104
867105
867106
867107
867108
867109
867110
867111
867112
867113
867114
867115
867116
867117
867118
867119
867122
867123
867124
867125
867126
867127
867128
867129
867130
867131
867132
867133
867134
867135
867136
867137
867138
867139
867140
867141
867142
867143
867144
867145
867146
867147
867148
867149
867150
867151
867152
867153
867154
867155
867156
867157
867158
867159
867160
867161
867162
867163
867164
867165
867166
867167
867168
867169
867170
867171
867172
867173
867174
867175
867176
867177
867178
867179
867180
867181
867182
867183
867184
867185
867186
867187
867188
867189
867190
867191
867193
867194
867196
867197
867198
867199
867200
867201
867202
867203
867204
867205
867206
867207
867208
867209
867210
867211
867212
867213
867214
867215
867216
867217
867218
867219
867220
867221
867222
867223
867224
867225
867228
867229
867230
867231
867232
867233
867234
867235
867236
867237
867238
867239
867240
867241
867242
867243
867244
867245
867246
867247
867248
867249
867250
867251
867252
867253
867254
867255
867256
867257
867258
867259
867260
867261
867262
867263
867264
867265
867266
867267
867268
867269
867270
867271
867272
867273
867274
867275
867276
867277
867278
867279
867280
867282
867283
867284
867285
867286
867287
867288
872086
872087
872088
872089
872090
872091
872092
872093
872094
872095
872096
872097
872098
872099
872100
872101
872102
872103
872104
872105
872106
872107
872108
872109
872111
872112
872118
872119
872120
872121
872122
872129
872130
872136
872137
872141
872142
872143
872144
872148
872149
872154
872156
872160
872161
872162
872163
872164
872165
872167
872174
872182
872183
872186
872187
872188
872189
872208
872209
872210
872213
872214
872215
872216
872217
872218
872232
872233
872237
872238
872239
872240
872249
872252
872254
872255
872263
872264
872267
872268
872270
872275
872282
872292
872293
872294
872295
872296
872297
872298
872299
872308
872315
872330
872331
872332
872333
872345
891757
891758
891759
891763
891764
891765
891767
891775
891776
891777
891778
891779
891780
891781
891782
891783
891784
891785
891786
891787
891788
891790
891792
891793
891794
891797
891798
891799
891800
891802
891804
891806
891807
891808
891813
891814
891815
891816
891818
891873
891874
891875
891876
891877
891878
891879
891880
891881
891882
891883
891884
891885
891886
891887
891888
891889
891890
891893
891894
891895
891897
891899
891900
891901
891902
891904
891906
891908
891911
891912
891913
891914
891915
891916
891918
891919
891920
891921
891922
891923
891924
891926
891928
891930
891932
891934
891935
891939
891942
891943
891947
891948
891949
891950
891951
891952
891953
891954
891955
891956
891957
891959
891961
891977
891978
891979
891980
891981
891982
891983
891984
891986
891988
891990
891992
891995
891996
891997
891998
891999
892000
892001
892002
892003
892004
892005
892006
892008
892010
892013
892017
892018
892020
892021
892024
892025
892026
892027
892032
892033
892034
892035
892036
892039
892040
892041
892043
892045
892046
892047
892050
892053
892055
892057
892059
892061
892063
892065
892066
892067
892068
892070
892071
892073
892074
892075
892076
892077
892078
892079
892080
892081
892082
892083
892085
892086
892087
892088
892089
892091
892093
892095
892099
892103
892104
892105
892108
892110
892111
892112
892113
892117
892118
892119
892121
892122
892123
892125
892126
892127
892129
892132
892133
892135
892137
892139
892141
892143
892145
892146
892147
892148
892149
892150
892151
892152
892154
892442
892443
892444
892445
892446
892447
892451
892452
892453
892454
892455
892456
892457
892461
892474
892475
892476
892477
892478
892479
892480
892481
892482
892483
892484
892485
892486
892487
892488
892489
892490
892491
892492
892493
892496
892497
892501
892502
892503
892504
892505
892506
892513
892514
892515
892517
892518
892519
892522
892523
892524
892525
892526
892527
892528
892529
892530
892531
892532
892533
892537
892538
892539
892546
892547
892548
892549
892550
892551
892552
892553
892554
892555
892556
892557
892562
892670
892671
892672
892673
892674
892675
892676
892677
892678
892679
892680
892681
892682
892683
892684
892685
892686
892687
892688
892689
892690
892691
892692
892693
892707
892708
892720
892721
892728
892729
892730
892739
892740
892741
892748
892749
892750
892755
892756
892757
892764
892765
892766
892768
892769
892770
892800
892801
892802
892803
892804
892805
892806
892807
892808
892809
892810
892811
892812
892813
892814
892815
892816
892817
892818
892819
892820
892821
892822
892823
892824
892825
892826
892827
892828
892829
892830
892831
892832
892833
892834
892835
892836
892837
892838
892839
892846
892847
892848
892854
892855
892856
892861
892862
892863
892865
892866
892867
892876
892877
892878
892883
892884
892890
892891
892892
892898
892899
892900
892907
892908
892923
892924
892925
892928
892929
892930
892933
892934
892935
892952
892953
892954
892959
892960
892961
892966
892967
892968
892983
892984
892992
892993
892994
892997
892998
892999
893004
893005
893019
893020
893028
893029
893030
893037
893038
893045
893046
893047
893058
893059
893060
893413
893416
893450
893451
893452
893453
893454
893455
893456
893457
893458
893459
893460
893461
893462
893463
893464
893465
893466
893467
893468
893469
893470
893476
893477
893478
893487
893488
893489
893539
893540
893541
893542
893543
893544
893545
893546
893547
893548
893549
893550
893551
893552
893553
893554
893555
893556
893557
893558
893559
893560
893561
893562
893563
893564
893565
893566
893567
893568
893569
893570
893571
893572
893573
893574
893575
893576
893577
893578
893579
893580
893581
893582
893583
893584
893585
893586
893587
893588
893589
893590
893591
893592
893593
893594
893595
893596
893597
893598
893599
893600
893601
893602
893603
893604
893605
893606
893607
893608
893609
893610
893611
893612
893613
893614
893615
893616
893617
893618
893619
893620
893621
893622
893623
893624
893625
893626
893627
893628
893629
893630
893631
893632
893633
893678
893680
893713
893716
893792
893810
893815
893821
893874
893886
893922
893933
893939
893942
894038
894049
894402
894403
894404
894405
894406
894407
894419
894420
894421
894422
894423
894424
894425
894426
894427
894428
894429
894430
894435
894436
894437
894438
894439
894440
894441
894442
894443
894444
894445
894446
894453
894454
894455
894456
894457
894458
894510
894511
894512
894513
894514
894515
894516
894517
894518
894519
894520
894521
894522
894523
894524
894525
894526
894527
894528
894529
894530
894531
894532
894533
894539
894556
894562
894566
894567
894568
894579
894580
894581
894582
894631
894632
894633
894634
894635
894636
894637
894638
894639
894640
894641
894642
894643
894644
894645
894646
894647
894648
894649
894650
894651
894652
894653
894654
894655
894656
894657
894658
894659
894660
894661
894662
894663
894664
894665
894666
894667
894668
894669
894670
894671
894672
894673
894674
894675
894676
894677
894678
894679
894680
894681
894682
894683
894684
894685
894686
894687
894688
894689
894690
894691
894692
894693
894694
894695
894696
894697
894698
894699
894700
894701
894702
894703
894704
894705
894706
894707
894708
894709
894710
894711
894712
894713
894714
894715
894716
894717
894718
894719
894720
894721
894722
894723
894724
894725
894726
894727
894728
894729
894730
894731
894732
894733
894734
894735
894736
894737
894738
894739
894740
894741
894742
894743
894744
894745
894746
894747
894748
894749
894750
894753
894758
894759
894760
894761
894762
894763
894778
894780
894797
894810
894811
894812
894813
894818
894819
894820
894821
894824
894825
894826
894827
894844
894846
894871
894886
894887
894888
894889
894894
895250
895251
895252
895253
895254
895255
895256
895257
895258
895259
895260
895261
895262
895263
895264
895265
895266
895267
895268
895269
895270
895271
895272
895273
895274
895275
895276
895277
895278
895279
895280
895281
895282
895283
895284
895285
895286
895287
895288
895289
895290
895291
895292
895293
895294
895295
895296
895297
895298
895299
895300
895301
895302
895303
895304
895305
895306
895307
895308
895309
895310
895311
895312
895313
895314
895315
895316
895317
895318
895319
895320
895321
895322
895323
895324
895325
895326
895327
895328
895329
895480
895481
895482
895483
895484
895485
895486
895487
895488
895489
895490
895491
895492
895493
895494
895495
895496
895497
895498
895499
895500
895501
895502
895503
895504
895505
895506
895507
895508
895509
895510
895511
895512
895513
895514
895515
895516
895517
895518
895519
895520
895521
895522
895523
895524
895525
895526
895527
895528
895529
895530
895531
895532
895533
895534
895535
895536
895537
895538
895539
895540
895541
895542
895543
895545
895553
895554
895567
895580
895583
895594
895595
895662
895685
895686
895688
895692
895709
895711
895712
895713
895715
895716
895734
895741
895749
895767
895770
895779
895780
895781
895782
895791
895792
895813
895820
896084
896085
896086
896087
896088
896089
896090
896091
896092
896093
896094
896095
896096
896097
896098
896099
896214
896215
896216
896217
896218
896219
896220
896221
896222
896223
896224
896225
896226
896227
896228
896229
896230
896231
896232
896233
896234
896235
896236
896237
896238
896239
896240
896241
896242
896243
896244
896245
896246
896247
896248
896249
896250
896251
896252
896253
896270
896279
896352
896353
896354
896355
896356
896357
896358
896359
896360
896361
896362
896363
896364
896365
896366
896367
896368
896369
896370
896371
896372
896373
896374
896375
896376
896377
896378
896379
896380
896381
896382
896383
896384
896385
896386
896387
896388
896389
896390
896391
896392
896393
896394
896395
896396
896397
896398
896399
896400
896401
896402
896403
896404
896405
896406
896407
896408
896409
896410
896411
896412
896413
896414
896415
896416
896417
896418
896419
896420
896421
896422
896423
896424
896425
896426
896427
896428
896429
896430
896431
896432
896433
896434
896435
896436
896437
896438
896439
896467
896481
896530
896540
896551
896563
896979
896980
896981
896982
896983
896984
896985
896986
896987
896988
896989
896990
896991
896992
896993
896994
896995
896996
896997
896998
896999
897000
897001
897002
897003
897004
897005
897006
897007
897008
897009
897010
897011
897012
897013
897014
897015
897016
897017
897018
897019
897020
897021
897022
897023
897024
897025
897026
897027
897028
897029
897030
897031
897032
897033
897034
897035
897036
897037
897038
897039
897040
897041
897042
897043
897044
897045
897046
897047
897048
897049
897050
897051
897052
897053
897054
897055
897056
897057
897058
897059
897060
897061
897062
897063
897064
897065
897066
897067
897068
897069
897070
897071
897072
897073
897074
897075
897076
897077
897078
897079
897080
897081
897082
897083
897084
897085
897086
897087
897088
897089
897090
897091
897092
897093
897094
897095
897096
897097
897098
897099
897100
897101
897102
897103
897104
897105
897106
897107
897108
897109
897110
897111
897112
897113
897114
897115
897116
897117
897118
897119
897120
897121
897122
897123
897124
897125
897126
897127
897128
897129
897130
897131
897132
897133
897134
897135
897136
897137
897138
897139
897140
897141
897142
897143
897144
897145
897146
897147
897148
897149
897150
897151
897152
897153
897154
897155
897156
897157
897158
897159
897160
897161
897162
897443
897444
897445
897446
897447
897448
897449
897450
897451
897452
897453
897454
897455
897456
897457
897458
897459
897460
897461
897462
897463
897464
897465
897466
897467
897468
897469
897470
897471
897472
897473
897474
897475
897476
897477
897478
897479
897480
897481
897482
897483
897484
897485
897486
897487
897488
897489
897490
897491
897492
897493
897494
897495
897496
897497
897498
897499
897500
897501
897502
897503
897504
897505
897506
897507
897508
897509
897510
897511
897512
897513
897514
897515
897516
897517
897518
897519
897520
897521
897522
897523
897524
897525
897526
897527
897528
897529
897530
897531
897532
897533
897534
897535
897536
897537
897538
897539
897540
897541
897542
897543
897544
897545
897546
897547
897548
897549
897550
897551
897552
897553
897554
897555
897556
897557
897558
897559
897560
897561
897562
897563
897564
897565
897566
897567
897568
897569
897570
897571
897572
897573
897574
897575
897576
897577
897578
897579
897580
897581
897582
897583
897584
897585
897586
897587
897588
897589
897590
897591
897592
897593
897594
897595
897596
897597
897598
897599
897600
897601
897602
897603
897604
897605
897606
897607
897608
897609
897610
897611
897612
897613
897614
897615
897616
897617
897618
897619
897620
897621
897622
897623
897624
897625
897626
897627
897628
897629
897630
897631
897632
897633
897634
897635
897636
897637
897638
897639
897640
897641
897642
897643
897644
897645
897646
897647
897648
897649
897650
897651
897652
897653
897654
897655
897656
897657
897658
897659
897660
897661
897662
897663
897664
897665
897666
897667
897668
897669
897670
897671
897672
897673
897674
897675
897676
897677
897678
898651
898652
898653
898654
898655
898656
898657
898658
898659
898660
898661
898662
898663
898664
898665
898666
898667
898668
898669
898670
898671
898672
898673
898674
898675
898676
898677
898678
898679
898680
898681
898682
898683
898684
898685
898686
898687
898688
898689
898690
898691
898692
898693
898694
898695
898696
898697
898698
898749
898750
898751
898752
898753
898754
898755
898756
898757
898758
898759
898760
898761
898762
898763
898764
898765
898766
898767
898768
898854
898855
898856
898857
898858
898859
898860
898861
898862
898863
898864
898865
898866
898867
898868
898869
898870
898871
898872
898873
898874
898875
898876
898877
898878
898879
898880
898881
898882
898883
898884
898885
898886
898887
898888
898889
898890
898891
898892
898893
898894
898895
898896
898897
898898
898899
898900
898901
898942
898943
898944
898945
898946
898947
898948
898949
898950
898951
898952
898953
898954
898955
898956
898957
898994
898995
898996
898997
898998
898999
899000
899001
899002
899003
899004
899005
899006
899007
899008
899009
899010
899011
899012
899013
899014
899015
899016
899017
899018
899019
899020
899021
899022
899023
899024
899025
899026
899027
899028
899029
899030
899031
899032
899033
899092
899093
899094
899095
899096
899097
899098
899099
899100
899101
899102
899103
899104
899105
899106
899107
899108
899109
899110
899111
899112
899113
899114
899115
899116
899117
899118
899119
899120
899121
899122
899123
899124
899125
899126
899127
899128
899129
899130
899131
899188
899189
899190
899191
899192
899193
899194
899195
899196
899197
899198
899199
899200
899201
899202
899203
899204
899205
899206
899207
899208
899209
899210
899211
899212
899213
899214
899215
899216
899217
899218
899219
899220
899221
899222
899223
899224
899225
899226
899227
899228
899229
899230
899231
899232
899233
899234
899235
899236
899237
899238
899239
899240
899241
899242
899243
899244
899245
899246
899247
899248
899249
899250
899251
899252
899253
899254
899255
899256
899257
899258
899259
899260
899261
899262
899263
899264
899265
899266
899267
899268
899269
899270
899271
899272
899273
899274
899275
899276
899277
899278
899279
899280
899281
899282
899283
899284
899285
899286
899287
899288
899289
899290
899291
899403
899404
899405
899406
899407
899408
899409
899410
899411
899412
899413
899414
899415
899416
899417
899418
899419
899420
899421
899422
899423
899424
899425
899426
899427
899428
899429
899430
899431
899432
899433
899434
899435
899436
899437
899438
899439
899440
899441
899442
899443
899444
899476
899477
899478
899479
899480
899481
899482
899483
899484
899485
899486
899487
899488
899489
899490
899491
899492
899493
899494
899495
899496
899497
899498
899499
899500
899501
899502
899503
899504
899505
899506
899507
899508
899509
899510
899511
899512
899513
899514
899515
899516
899517
899518
899519
899520
899521
899522
899523
899524
899525
899526
899527
899528
899529
899530
899531
899532
899533
899534
899535
899536
899537
899538
899539
899540
899541
899542
899543
899544
899545
899546
899547
899548
899549
899550
899551
899552
899553
899554
899629
899630
899631
899632
899633
899634
899635
899636
899685
899686
899687
899688
899689
899690
899691
899692
899693
899694
899695
899696
899697
899698
899699
899700
899701
899702
899703
899704
899705
899706
899707
899708
899709
899710
899711
899712
899713
899714
899715
899716
899786
899787
899788
899789
899790
899791
899792
899793
899794
899795
899796
899797
899798
899799
899800
899801
899802
899803
899804
899805
899806
899807
899808
899809
899810
899811
899812
899813
899814
899815
899816
899817
899818
899819
899820
899821
899822
899823
899824
899825
899826
899827
899828
899829
899830
899831
899832
899833
899834
899835
899836
899837
899838
899839
899840
899841
899842
899843
899844
899845
899846
899847
899848
899849
899850
899851
899852
899853
899854
899855
899856
899857
899858
899859
899860
899861
899862
900116
900117
900118
900119
900120
900121
900122
900123
900124
900125
900126
900127
900128
900129
900130
900131
900132
900133
900148
900149
900150
900151
900152
900153
900154
900155
900156
900157
900158
900159
900160
900161
900162
900163
900164
900165
900166
900167
900168
900169
900170
900171
900172
900173
900174
900175
900176
900177
900178
900179
900180
900181
900182
900183
900184
900185
900186
900187
900188
900189
900190
900191
900192
900193
900194
900195
900339
900340
900341
900342
900343
900344
900345
900346
900347
900348
900349
900350
900351
900352
900353
900354
900458
900459
900460
900461
900462
900463
900464
900465
900466
900467
900468
900469
900470
900471
900472
900473
900474
900475
900476
900477
900478
900479
900480
900481
900482
900483
900484
900485
900486
900487
900488
900489
900490
900491
900492
900493
900494
900495
900496
900497
900498
900499
900500
900501
900502
900503
900504
900505
900506
900507
900508
900509
900510
900511
900512
900513
900514
900515
900516
900517
900518
900519
900520
900521
900522
900523
900524
900525
900526
900527
900528
900529
900530
900531
900532
900533
900534
900535
900536
900537
900538
900539
900540
900541
900542
900543
900544
900545
900546
900547
900548
900549
900550
900551
900552
900553
900554
900555
900556
900557
900558
900559
900560
900561
900562
900563
900680
900681
900682
900683
900684
900685
900686
900687
900688
900689
900690
900691
900692
900693
900694
900695
900696
900697
900698
900699
900700
900701
900702
900703
900704
900705
900706
900707
900708
900709
900710
900711
900712
900713
900714
900715
900716
900717
900718
900719
900720
900721
900722
900723
900724
900725
900726
900727
900728
900729
900730
900731
900732
900733
900734
900735
900736
900737
900738
900739
900740
900741
900742
900743
900744
900745
900746
900747
900748
900749
900750
900751
900752
900753
900754
900755
900756
900757
900758
900759
900760
900761
900762
900763
900764
900765
900766
900767
900768
900769
901007
901008
901009
901010
901011
901012
901013
901014
901015
901016
901017
901018
901019
901020
901021
901022
901023
901024
901025
901026
901027
901028
901029
901030
901031
901032
901033
901034
901035
901036
901037
901038
901039
901040
901041
901042
901043
901044
901045
901046
901047
901048
901049
901050
901051
901052
901053
901054
901055
901056
901057
901058
901059
901060
901061
901062
901063
901064
901065
901066
901067
901068
901069
901070
901071
901072
901073
901074
901075
901076
901077
901078
901079
901080
901081
901082
901083
901084
901085
901086
901087
901088
901089
901090
901091
901092
901093
901094
901095
901096
901097
901098
901099
901100
901101
901171
901172
901173
901174
901175
901176
901177
901178
901179
901180
901181
901182
901183
901184
901185
901186
901187
901188
901189
901190
901191
901192
901193
901194
901195
901196
901197
901198
901199
901200
901201
901202
901203
901204
901205
901206
901207
901208
901209
901210
901211
901212
901213
901214
901215
901216
901217
901218
901219
901220
901221
901222
901223
901224
901225
901226
901227
901228
901229
901230
901231
901232
901233
901234
901235
901236
901237
901238
901239
901240
901241
901242
901243
901244
901245
901246
901247
901248
901249
901250
901251
901252
901253
901254
901255
901256
901257
901258
901259
901260
901261
901262
901263
901264
901265
901266
901267
901268
901269
901270
901271
901272
901273
901274
901275
901276
901277
901278
901279
901280
901281
901282
901283
901284
901285
901286
901287
901288
901289
901290
901291
901292
901293
901294
901295
901296
901297
901298
901299
901300
901301
901302
901303
901304
901305
901306
901307
901308
901309
901310
901311
901312
901313
901314
901315
901316
901317
901318
901319
901320
901321
901322
901323
901324
901325
901326
901327
901328
901329
901646
901647
901648
901649
901650
901651
901652
901653
901654
901655
901656
901657
901658
901659
901660
901661
901744
901745
901746
901747
901748
901749
901750
901751
901752
901753
901754
901755
901756
901757
901758
901759
901772
901773
901774
901775
901776
901777
901778
901779
901780
901781
901782
901783
901784
901785
901786
901787
901788
901789
901790
901791
901792
901793
901794
901795
901862
901863
901864
901865
901866
901867
901868
901869
901870
901871
901872
901873
901874
901875
901876
901877
901890
901891
901892
901893
901894
901895
901896
901897
901898
901899
901900
901901
901902
901903
901904
901905
901906
901907
901908
901909
901910
901911
901912
901913
901914
901915
901916
901917
901918
901919
901920
901921
901957
901958
901959
901960
901961
901962
901963
901964
901965
901966
901967
901968
901969
901970
901971
901972
901973
901974
901975
901976
901977
902037
902038
902039
902040
902041
902042
902058
902059
902060
902061
902062
902063
902064
902065
902066
902067
902068
902069
902070
902071
902072
902073
902074
902075
902076
902077
902078
902079
902080
902081
902082
902083
902084
902085
902086
902087
902088
902089
902090
902091
902092
902093
902094
902095
902096
902097
902098
902099
902100
902101
902102
902103
902104
902105
902150
902151
902152
902153
902154
902155
902156
902157
902158
902159
902160
902161
902162
902163
902164
902165
902166
902167
902168
902169
902233
902234
902235
902236
902237
902238
902239
902240
902241
902242
902243
902244
902245
902246
902247
902248
902249
902250
902251
902252
902253
902254
902255
902256
902257
902258
902259
902260
902261
902262
902263
902264
902265
902266
902267
902268
902269
902270
902271
902272
902303
902304
902305
902306
902307
902308
902309
902310
902311
902312
902313
902314
902315
902316
902317
902318
902319
902320
902321
902322
902323
902324
902325
902326
902327
902328
902329
902330
902331
902332
902333
902334
902371
902372
902373
902374
902375
902376
902377
902378
902379
902380
902381
902382
902383
902384
902385
902386
902399
902400
902401
902402
902403
902404
902405
902406
902407
902408
902409
902410
902411
902412
902413
902414
902415
902416
902417
902418
902419
902420
902421
902422
902423
902424
902454
902455
902456
902457
902458
902459
902460
902461
902462
902463
902464
902465
902466
902467
902468
902469
902470
902471
902472
902473
902474
902475
902476
902477
902478
902479
902480
902481
902482
902483
902484
902485
902517
902518
902519
902520
902521
902522
902523
902524
902525
902526
902527
902528
902529
902530
902531
902532
902533
902534
902535
902536
902537
902538
902539
902540
902541
902542
902574
902575
902576
902577
902578
902579
902580
902581
902582
902583
902584
902585
902586
902587
902588
902589
902590
902591
902592
902593
902594
902595
902596
902597
902598
902599
902600
902601
902602
902603
902604
902605
902606
902607
902608
902609
902610
902611
902612
902613
902643
902644
902645
902646
902647
902648
902649
902650
902651
902652
902653
902654
902655
902656
902657
902658
902677
902678
902679
902680
902681
902682
902683
902684
902685
902686
902687
902688
902689
902690
902691
902692
902693
902694
902695
902696
902697
902698
902699
902700
902725
902726
902727
902728
902729
902730
902731
902732
902733
902734
902735
902736
902737
902738
902739
902740
902741
902742
902743
902744
902745
902746
902747
902748
902773
902774
902775
902776
902777
902778
902779
902780
902781
902782
902783
902784
902785
902786
902787
902788
902789
902790
902791
902792
902793
902794
902844
902845
902846
902847
902848
902849
902850
902851
902852
902853
902854
902855
902856
902857
902858
902859
902860
902861
902862
902863
902864
902865
902866
902867
902868
902869
902870
902871
902872
902873
902874
902875
902876
902877
902878
902914
902915
902916
902917
902918
902919
902920
902921
902922
902923
902924
902925
902926
902927
902928
902929
902930
902931
902932
902933
902934
902935
902936
902937
902964
902965
902966
902967
902968
902969
902970
902971
902972
902973
902974
902975
902976
902977
902978
902979
902980
902981
902982
902983
902984
902985
902986
902987
902988
902989
902990
902991
902992
902993
902994
902995
903029
903030
903031
903032
903033
903034
903035
903036
903037
903038
903039
903040
903041
903042
903043
903044
903045
903046
903047
903048
903063
903064
903065
903066
903067
903068
903069
903070
903071
903072
903073
903074
903075
903076
903077
903078
903101
903102
903103
903104
903105
903106
903107
903108
903109
903110
903111
903112
903113
903114
903115
903116
903117
903118
903119
903120
903121
903122
903123
903124
903125
903126
903127
903128
903129
903130
903131
903132
903133
903134
903135
903136
903137
903138
903139
903140
903173
903174
903175
903176
903177
903178
903179
903180
903195
903196
903197
903198
903199
903200
903201
903202
903203
903204
903205
903206
903207
903208
903209
903210
903211
903212
903213
903214
903215
903216
903217
903218
903219
903220
903221
903222
903223
903224
903225
903226
903265
903266
903267
903268
903269
903270
903271
903272
903273
903274
903275
903276
903277
903278
903279
903280
903281
903282
903283
903284
903285
903286
903287
903288
903308
903309
903310
903311
903312
903323
903324
903325
903326
903327
903328
903329
903330
903331
903332
903333
903334
903335
903336
903337
903338
903339
903340
903341
903342
903343
903344
903345
903346
903365
903366
903367
903368
903369
903370
903371
903372
903373
903374
903375
903376
903377
903378
903379
903380
903381
903382
903383
903384
903385
903386
903387
903388
903389
903390
903391
903392
903393
903394
903395
903396
903397
903398
903399
903400
903471
903472
903473
903476
903477
903478
903479
903480
903481
903482
903483
903484
903489
903490
903491
903492
903493
903494
903495
903496
903497
903499
903500
903501
903506
903507
903508
903509
903510
903511
903514
903515
903516
903517
903518
903519
903523
903524
903525
903526
903527
903528
903533
903534
903535
903538
903539
903540
903541
903542
903545
903546
903549
903550
903551
903552
903553
903554
903555
903556
903557
903558
903559
903560
903580
903581
903582
903583
903584
903585
903586
903587
903588
903589
903590
903591
903592
903593
903594
903595
903596
903597
903598
903599
903600
903601
903602
903603
903604
903605
903606
903607
903608
903609
903610
903611
903612
903613
903614
903615
903616
903617
903618
903619
903620
903621
903622
903623
903624
903625
903626
903627
903628
903629
903630
903631
903632
903633
903634
903635
903636
903637
903638
903639
903640
903641
903642
903643
903651
903652
903653
903654
903655
903660
903661
903662
903668
903669
903673
903674
903677
903678
903683
903699
903700
903701
903706
903707
903708
903709
903714
903715
903716
903720
903726
903727
903731
903732
903750
903751
903752
903757
903758
903759
904115
904116
904117
904118
904134
904135
904136
904137
904138
904139
904140
904141
904142
904143
904144
904145
904146
904147
904148
904149
904150
904151
904152
904153
904154
904155
904156
904157
904158
904159
904160
904161
904162
904163
904164
904165
904166
904167
904168
904169
904170
904171
904172
904173
904174
904175
904176
904177
904178
904179
904180
904181
904182
904183
904184
904185
904186
904187
904188
904189
904190
904191
904244
904245
904246
904247
904248
904249
904250
904251
904254
904255
904257
904258
904259
904260
904263
904264
904265
904266
904267
904268
904269
904270
904271
904272
904273
904274
904275
904276
904280
904281
904283
904284
904285
904286
904287
904288
904289
904290
904291
904292
904293
904294
904296
904297
904300
904301
904302
904303
904304
904305
904311
904312
904313
904316
904317
904318
904320
904321
904322
904323
904324
904325
904326
904327
904328
904329
904330
904331
904332
904333
904334
904335
904336
904337
904351
904352
904353
904354
904355
904356
904357
904358
904359
904360
904361
904362
904363
904364
904365
904366
904367
904368
904369
904370
904371
904372
904373
904374
904375
904376
904377
904378
904379
904380
904381
904382
904383
904386
904387
904388
904389
904390
904391
904394
904395
904396
904397
904398
904399
904400
904401
904402
904403
904404
904405
904406
904407
904409
904410
904411
904412
904413
904414
904420
904421
904425
904426
904427
904428
904429
904430
904431
904432
904437
904438
904439
904444
904445
904446
904450
904451
904454
904455
904456
904457
904458
904459
904460
904464
904465
904466
904467
904468
904469
904470
904471
904472
904473
904474
904475
904477
904478
904479
904480
904481
904482
904484
904485
904486
904487
904488
904489
904494
904495
904499
904500
904503
904504
904505
904506
904507
904508
904509
904510
904512
904513
904514
904515
904516
904517
904518
904519
904520
904521
904522
904523
904525
904526
904527
904529
904530
904531
904533
904534
904535
904536
904540
904541
904542
904543
904544
904545
904546
904547
904552
904553
904554
904559
904560
904561
904562
904565
904566
904567
904568
904569
904572
904573
904574
904575
904576
904577
904578
904579
904580
904581
904582
904587
904588
904591
904592
904593
904594
904595
904596
904597
904598
904600
904601
904602
904995
904996
904997
904998
904999
905000
905001
905002
905003
905004
905005
905006
905007
905008
905009
905010
905011
905012
905013
905014
905015
905016
905017
905018
905019
905020
905021
905022
905023
905024
905025
905026
905027
905028
905029
905030
905031
905032
905033
905034
905035
905036
905037
905038
905039
905040
905041
905042
905043
905044
905045
905046
905047
905048
905049
905050
905051
905052
905053
905054
905055
905056
905057
905058
905059
905060
905061
905062
905063
905064
905065
905066
905067
905068
905069
905142
905143
905144
905145
905146
905147
905148
905149
905150
905151
905152
905153
905154
905155
905156
905157
905158
905159
905160
905161
905162
905163
905164
905165
905166
905167
905168
905169
905170
905171
905172
905173
905178
905179
905180
905185
905186
905187
905228
905229
905230
905231
905232
905233
905234
905235
905236
905237
905238
905239
905240
905241
905242
905243
905244
905245
905246
905247
905248
905249
905250
905251
905252
905253
905254
905255
905256
905257
905258
905259
905260
905261
905262
905263
905264
905265
905266
905267
905268
905269
905270
905271
905272
905273
905274
905275
905276
905277
905278
905279
905280
905281
905282
905283
905284
905285
905286
905287
905288
905289
905290
905291
905292
905293
905294
905295
905296
905297
905311
905312
905313
905314
905315
905316
905317
905318
905319
905334
905335
905336
905485
905486
905487
905488
905489
905490
905491
905492
905493
905494
905495
905496
905497
905498
905499
905500
905501
905502
905503
905504
905505
905506
905507
905508
905509
905510
905511
905512
905513
905514
905515
905516
905517
905518
905519
905520
905521
905522
905523
905524
905555
905556
905557
905558
905559
905560
905561
905562
905563
905564
905565
905566
905567
905568
905569
905570
905571
905572
905573
905574
905575
905576
905577
905578
905579
905580
905581
905582
905583
905584
905585
905586
905587
905588
905589
905590
905591
905592
905593
905594
905595
905596
905597
905598
905599
905600
905601
905602
905603
905604
905605
905606
905607
905608
905609
905610
905611
905612
905613
905614
905615
905616
905617
905618
905619
905620
905621
905622
905623
905624
905625
905626
905627
905628
905629
905630
905631
905632
905633
905634
905635
905636
905637
905638
905639
905640
905641
905642
905643
905644
905645
905646
905647
905648
905649
905650
905651
905652
905653
905654
905655
905656
905657
905658
905659
905660
905661
905662
905663
905664
905665
905666
905667
905668
905669
905670
905671
905672
905673
905674
905675
905676
905677
905678
905679
905680
905681
905682
905683
905684
905685
905876
905877
905878
905879
905880
905881
905882
905883
905884
905885
905886
905887
905888
905889
905890
905891
905892
905893
905894
905895
905896
905897
905898
905899
905900
905901
905902
905903
905904
905905
905906
905907
905908
905909
905910
905911
905912
905913
905914
905915
905916
905917
905918
905919
905920
905921
905922
905923
905924
905925
905926
905927
905928
905929
905930
905931
905932
905933
905934
905935
905936
905937
905938
905939
905940
905941
905942
905943
905944
905945
905946
905947
905948
905949
905950
905951
905952
905953
905954
905955
905956
905957
905958
905959
905960
905961
905962
905963
905964
905965
905966
905967
905968
905969
905970
905971
905972
905973
905974
905975
905976
905977
905978
905979
905980
905981
905982
905983
905984
905985
905986
905987
905988
905989
905990
905991
905992
905993
905994
905995
905996
905997
905998
905999
906000
906001
906002
906003
906004
906005
906006
906007
906177
906178
906179
906180
906181
906182
906183
906184
906185
906186
906187
906188
906189
906190
906191
906192
906193
906194
906195
906196
906197
906198
906199
906200
906201
906202
906203
906204
906205
906206
906207
906208
906209
906210
906211
906212
906213
906214
906215
906216
906217
906218
906219
906220
906221
906222
906223
906224
906225
906226
906227
906228
906229
906230
906231
906232
906233
906234
906235
906236
906237
906238
906239
906240
906241
906242
906243
906244
906245
906246
906247
906248
906249
906250
906251
906252
906253
906254
906255
906256
906257
906258
906259
906260
906261
906262
906263
906264
906265
906266
906267
906268
906269
906270
906271
906272
906273
906274
906275
906276
906277
906278
906279
906280
906281
906282
906283
906284
906285
906286
906287
906288
906289
906290
906291
906292
906293
906294
906295
906296
906297
906298
906299
906300
906301
906302
906303
906304
906305
906306
906307
906308
906309
906310
906311
906312
906313
906314
906315
906316
906317
906318
906319
906320
906321
906322
906323
906324
906325
906326
906327
906328
906329
906330
906331
906332
906333
906334
906335
906336
906337
906338
906339
906340
906341
906342
906343
906344
906345
906346
906347
906348
906349
906350
906351
906352
906353
906354
906355
906490
906491
906492
906493
906494
906495
906496
906497
906498
906499
906500
906501
906502
906503
906504
906505
906506
906507
906508
906509
906510
906511
906512
906513
906514
906515
906516
906517
906518
906519
906520
906521
906522
906523
906524
906525
906526
906527
906528
906529
906530
906531
906532
906533
906534
906535
906536
906537
906538
906539
906540
906541
906542
906543
906544
906545
906546
906547
906548
906549
906550
906551
906552
906553
906554
906555
906556
906557
906558
906559
906560
906561
906562
906563
906564
906565
906566
906567
906568
906569
906570
906571
906572
906642
906643
906644
906645
906646
906647
906648
906649
906650
906651
906652
906653
906654
906655
906656
906657
906658
906659
906660
906661
906662
906663
906664
906665
906666
906667
906668
906669
906670
906671
906672
906673
906674
906675
906676
906677
906678
906679
906680
906681
906682
906683
906684
906754
906755
906756
906757
906758
906759
906760
906761
906762
906763
906764
906765
906766
906767
906768
906769
906770
906771
906772
906773
906774
906775
906776
906777
906778
906779
906780
906781
906782
906783
906784
906785
906786
906787
906788
906789
906790
906791
906792
906793
906794
906795
906796
906797
906798
906799
906800
906801
906802
906803
906804
906805
906806
906807
906808
906809
906810
906811
906812
906813
906814
906815
906816
906817
906818
906819
906820
906821
906822
906823
906824
906825
906826
906827
906828
906829
906830
906831
906832
906833
906834
906835
906836
906837
906838
906839
906840
906841
906842
906843
906844
906845
906846
906847
906848
906849
906850
906851
906852
906853
906854
906855
906856
906857
906858
906859
906860
906861
906862
906863
906864
906865
906866
906867
906868
906869
906870
906871
906872
906873
906874
906875
906876
906877
906878
906879
906880
906881
907120
907121
907122
907123
907124
907125
907126
907127
907128
907129
907130
907131
907132
907133
907134
907135
907136
907137
907138
907139
907140
907141
907142
907143
907144
907145
907146
907147
907148
907149
907150
907151
907152
907153
907154
907155
907156
907157
907158
907159
907160
907161
907162
907163
907164
907165
907166
907167
907168
907169
907170
907171
907172
907173
907174
907175
907176
907177
907178
907179
907180
907181
907182
907183
907184
907185
907186
907187
907188
907189
907190
907191
907192
907193
907194
907195
907196
907197
907198
907199
907200
907201
907202
907203
907204
907205
907206
907207
907208
907209
907210
907211
907212
907213
907214
907215
907216
907217
907218
907219
907220
907221
907222
907223
907224
907225
907226
907227
907228
907229
907230
907231
907232
907233
907234
907235
907236
907237
907238
907239
907240
907241
907242
907243
907244
907245
907246
907247
907248
907249
907250
907251
907252
907253
907254
907255
907256
907257
907258
907259
907260
907261
907262
907263
907264
907265
907266
907267
907268
907269
907270
907271
907272
907273
907274
907275
907276
907277
907278
907279
907280
907281
907282
907283
907284
907285
907286
907287
907288
907289
907290
907291
907292
907293
907294
907295
907296
907297
907298
907299
907300
907301
907302
907303
907304
907305
907306
907307
907308
907309
907310
907311
907312
907313
907314
907315
907316
907317
907318
907319
907320
907321
907322
907323
907324
907325
907326
907327
907328
907329
907330
907331
907332
907333
907334
907335
907336
907337
907338
907339
907340
907341
907342
907343
907344
907345
907518
907519
907520
907521
907522
907523
907524
907525
907526
907527
907528
907529
907530
907531
907532
907533
907534
907535
907536
907537
907538
907539
907540
907541
907542
907543
907544
907545
907546
907547
907548
907549
907550
907551
907552
907553
907554
907555
907556
907557
907558
907559
907560
907561
907562
907563
907564
907565
907566
907567
907568
907569
907570
907571
907572
907573
907574
907575
907576
907577
907578
907579
907580
907581
907582
907583
907584
907585
907586
907587
907588
907589
907590
907591
907592
907593
907594
907595
907596
907597
907598
907599
907600
907601
907602
907603
907604
907605
907606
907607
907608
907609
907610
907611
907612
907613
907614
907615
907616
907617
907618
907619
907620
907621
907622
907623
907624
907625
907626
907627
907628
907629
907630
907631
907632
907633
907634
907635
907636
907637
907638
907639
907640
907641
907642
907643
907644
907645
907646
907647
907648
907649
907650
907651
907652
907653
907654
907655
907656
907657
907658
907659
907660
907661
907662
907663
907664
907665
907666
907667
907668
907669
907670
907671
907672
907673
907674
907675
907676
907677
907678
907679
907680
907681
907682
907683
907684
907685
907686
907687
907688
907689
907690
907691
907692
907693
907694
907695
907696
907697
907698
907699
907700
907701
907702
907703
907704
907705
907706
907707
907708
907709
907710
907711
907712
907713
907714
907715
907716
907717
907718
907719
907720
907721
907722
907723
907724
907725
907726
907727
907728
907729
907730
907731
907732
907733
907734
907735
907736
907737
907738
907739
907740
907741
907742
907743
907744
907745
907746
907747
907748
907749
907750
907751
907752
907753
907754
907755
907756
907757
907758
907759
907760
907761
907762
907763
907764
907765
907766
907767
907768
907769
907770
907771
907772
907773
907774
907775
907776
907777
907778
907779
907780
907781
907782
907783
907784
907785
907786
907787
907788
907789
907790
907791
907792
907793
907794
907795
907796
907797
907798
907799
907800
907801
907802
907803
907804
907805
907806
907807
907808
907809
907810
907811
907812
907813
908056
908057
908058
908059
908060
908061
908062
908063
908064
908065
908066
908067
908068
908069
908070
908071
908072
908073
908074
908075
908076
908077
908078
908079
908080
908081
908082
908083
908084
908085
908086
908087
908088
908089
908090
908091
908092
908093
908094
908095
908096
908097
908098
908099
908100
908101
908102
908103
908104
908105
908106
908107
908108
908109
908110
908111
908112
908113
908114
908115
908116
908117
908118
908119
908120
908121
908122
908123
908124
908125
908126
908127
908128
908129
908130
908131
908132
908133
908134
908135
908136
908202
908203
908204
908205
908206
908207
908208
908209
908210
908211
908212
908213
908214
908215
908216
908217
908218
908219
908220
908221
908222
908223
908224
908225
908251
908252
908253
908254
908255
908256
908257
908258
908259
908260
908261
908262
908263
908264
908265
908266
908267
908268
908269
908270
908271
908272
908273
908274
908275
908276
908277
908278
908321
908322
908323
908324
908325
908326
908327
908328
908329
908330
908331
908332
908333
908334
908335
908336
908337
908338
908339
908340
908341
908342
908343
908344
908345
908346
908347
908348
908349
908350
908351
908352
908353
908354
908355
908356
908357
908358
908359
908360
908361
908362
908363
908364
908365
908366
908367
908368
908369
908370
908371
908372
908373
908374
908375
908376
908377
908378
908379
908380
908381
908382
908383
908384
908385
908386
908387
908388
908389
908390
908391
908392
908393
908394
908395
908396
908397
908398
908399
908400
908401
908402
908403
908404
908481
908482
908483
908484
908485
908486
908487
908488
908489
908490
908491
908492
908493
908494
908495
908496
908497
908498
908499
908500
908501
908502
908503
908504
908505
908506
908507
908508
908509
908510
908511
908512
908513
908514
908515
908516
908517
908518
908519
908520
908521
908522
908572
908573
908574
908575
908576
908577
908578
908579
908580
908581
908582
908583
908584
908585
908586
908587
908588
908589
908590
908591
908592
908593
908594
908595
908596
908597
908598
908599
908600
908601
908624
908625
908626
908627
908628
908629
908630
908631
908632
908633
908634
908635
908636
908637
908638
908639
908640
908641
908642
908643
908644
908645
908646
908647
908648
908649
908650
908651
908652
908653
908654
908655
908656
908657
908658
908659
908660
908661
908662
908663
908664
908665
908666
908667
908668
908669
908670
908671
908714
908715
908716
908717
908718
908719
908720
908721
908722
908723
908724
908725
908726
908727
908728
908729
908730
908731
908732
908733
908734
908735
908736
908737
908763
908764
908765
908766
908767
908768
908769
908770
908771
908772
908773
908774
908775
908776
908777
908778
908779
908780
908781
908782
908783
908784
908785
908786
908787
908788
908814
908815
908816
908817
908818
908819
908820
908821
908822
908823
908824
908825
908826
908827
908828
908829
908830
908831
908832
908833
908834
908835
908836
908837
908863
908864
908865
908866
908867
908868
908869
908870
908871
908872
908873
908874
908875
908876
908877
908878
908879
908880
908881
908882
908883
908884
908885
908886
908887
908888
908889
908890
908891
908892
908893
908894
908895
908896
908897
908900
908935
908936
908937
908938
908939
908940
908941
908942
908943
908944
908945
908946
908947
908948
908949
908950
908951
908952
908953
908954
908955
908956
908957
908958
909019
909020
909021
909022
909023
909024
909025
909026
909027
909028
909029
909030
909031
909032
909033
909034
909053
909054
909055
909056
909057
909058
909059
909060
909061
909062
909063
909064
909065
909066
909067
909068
909069
909070
909071
909072
909073
909074
909075
909076
909242
909243
909244
909245
909246
909247
909248
909249
909250
909251
909252
909253
909254
909255
909256
909257
909258
909259
909260
909261
909262
909263
909264
909265
909266
909267
909268
909269
909270
909271
909272
909273
909274
909275
909276
909277
909278
909279
909280
909309
909310
909311
909312
909313
909314
909315
909316
909317
909318
909319
909320
909321
909322
909323
909324
909325
909326
909327
909328
909329
909330
909331
909332
909333
909334
909335
909336
909337
909338
909339
909340
909341
909342
909343
909344
909345
909346
909347
909348
909349
909350
909351
909352
909353
909354
909355
909356
909357
909358
909359
909360
909361
909362
909363
909364
909365
909366
909367
909368
909369
909370
909371
909372
909465
909466
909467
909468
909469
909470
909471
909472
909473
909474
909475
909476
909477
909478
909479
909480
909481
909482
909483
909484
909485
909486
909487
909488
909489
909490
909491
909492
909493
909494
909495
909496
909497
909498
909499
909500
909501
909502
909503
909504
909505
909544
909545
909546
909547
909548
909549
909550
909551
909552
909553
909554
909555
909556
909557
909558
909559
909560
909561
909562
909563
909578
909579
909580
909581
909582
909583
909584
909585
909586
909587
909588
909589
909590
909591
909592
909593
909594
909595
909596
909597
909635
909636
909637
909638
909639
909640
909641
909642
909643
909644
909645
909646
909647
909648
909649
909650
909651
909652
909653
909654
909655
909656
909657
909658
909659
909660
909661
909662
909663
909664
909665
909666
909667
909668
909669
909670
909671
909672
909673
909674
909744
909745
909746
909747
909748
909749
909750
909751
909752
909753
909754
909755
909756
909757
909758
909759
909760
909761
909762
909763
909764
909765
909766
909767
909768
909769
909770
909771
909772
909773
909774
909775
909776
909777
909778
909779
909780
909781
909782
909783
909784
909785
909786
909787
909788
909789
909790
909791
909792
909793
909794
909795
909796
909797
909798
909799
909800
909801
909802
909803
909804
909805
909806
909807
909858
909859
909860
909861
909862
909863
909864
909865
909866
909867
909868
909869
909870
909871
909872
909873
909874
909875
909876
909877
909878
909879
909880
909881
909882
909883
909884
909885
909886
909887
909888
909889
909890
909891
909892
909893
909894
909895
909896
909897
909898
909899
909900
909901
909902
909903
909904
909905
909906
909907
909908
909909
909910
909911
909912
909913
909914
909915
909916
909917
909918
909919
909920
909921
909922
909923
909924
909925
909926
909927
909928
909929
909930
909931
909932
909933
909934
909935
909936
909937
909938
909939
909940
909941
909942
909943
909944
909945
909946
909947
909948
909949
909950
909951
909952
909953
909954
909955
909956
909957
910042
910043
910044
910045
910046
910047
910048
910049
910050
910051
910052
910053
910054
910055
910056
910057
910058
910059
910060
910061
910062
910063
910088
910089
910090
910091
910092
910093
910094
910095
910096
910097
910098
910099
910100
910101
910102
910119
910120
910121
910122
910123
910124
910125
910126
910127
910128
910129
910130
910131
910132
910133
910134
910135
910136
910137
910138
910139
910140
910141
910142
910143
910144
910145
910146
910147
910148
910174
910175
910176
910177
910178
910179
910180
910181
910182
910183
910184
910185
910186
910187
910188
910189
910190
910191
910192
910193
910194
910195
910196
910197
910198
910199
910200
910201
910202
910203
910229
910230
910231
910232
910233
910234
910235
910236
910237
910238
910239
910240
910241
910242
910243
910244
910245
910272
910273
910274
910275
910276
910277
910278
910279
910280
910281
910282
910283
910284
910285
910286
910287
910288
910289
910290
910291
910292
910293
910294
910295
910296
910297
910298
910299
910300
910301
910302
910303
910304
910305
910306
910307
910308
910309
910310
910311
910312
910313
910314
910315
910316
910317
910318
910319
910320
910321
910322
910323
910365
910366
910367
910368
910369
910370
910371
910372
910373
910374
910384
910385
910386
910387
910388
910389
910390
910399
910400
910401
910402
910403
910404
910405
910406
910407
910408
910409
910410
910411
910412
910413
910449
910450
910451
910452
910453
910454
910455
910456
910463
910464
910465
910466
910467
910468
910469
910470
910471
910472
910473
910474
910475
910476
910477
910478
910479
910480
910481
910482
910483
910484
910485
910486
910487
910488
910489
910490
910491
910492
910493
910494
910495
910496
910497
910498
910499
910500
910501
910502
910503
910504
910505
910506
910507
910508
910509
910510
910511
910512
910513
910514
910515
910516
910517
910518
910519
910520
910521
910522
910523
910524
910525
910526
910527
910528
910529
910530
910531
910532
910533
910534
910535
910536
910537
910538
910539
910540
910541
910542
910543
910544
910545
910546
910547
910548
910549
910722
910723
910724
910725
910726
910727
910728
910729
910730
910731
910732
910733
910734
910735
910736
910737
910738
910823
910824
910825
910826
910827
910828
910829
910830
910831
910832
910833
910834
910835
910836
912596
912597
912598
912599
912600
912601
912602
912603
912604
912605
912606
912607
912608
912609
912610
912611
912612
912613
912614
912615
912616
912617
912618
912619
912620
912621
912622
912623
912624
912625
912626
912627
912628
912629
912630
912631
912632
912633
912634
912635
912636
912637
912638
912639
912640
912641
912642
912643
912644
912645
912646
912647
912648
912649
912650
912651
912652
912653
912654
912655
912656
912657
912658
912659
912660
912661
912662
912663
912664
912665
912666
912667
912668
912669
912670
912671
912672
912673
912674
912675
912676
912677
912678
912679
912680
912681
912682
912683
912684
912685
912686
912687
912688
912689
912690
912691
912692
912693
912694
912695
912696
912697
912698
912699
912700
912701
912702
912703
912704
912705
912706
912707
912708
912709
912710
912711
912712
912713
912714
912715
912716
912717
912718
912719
912720
912721
912722
912723
912724
912725
912726
912727
912728
912729
912730
912731
912732
912733
912734
912735
912736
912737
912738
912739
912740
912741
912742
912743
912744
912745
912746
912747
912748
912749
912750
912751
912752
912753
912754
912755
912756
912757
912758
912759
912760
912761
912762
912763
912764
912765
912766
912767
912768
912769
912770
912771
912772
912773
912774
912775
912776
912777
912778
912779
912780
912781
912782
912783
912784
912785
912786
912787
912788
912789
912790
912791
912792
912793
912794
912795
912796
912797
912798
912799
912800
912801
912802
912803
912804
912805
912806
912807
912808
912809
912810
912811
912812
912813
912814
912815
912816
912817
912818
912819
912820
912821
912822
912823
912824
912825
912826
912827
912828
912829
912830
912831
912832
912833
912834
912835
912836
912837
912838
912839
912840
912841
912842
912843
912844
912845
912846
912847
912848
912849
912850
912851
912852
912853
912854
912855
912856
912857
912858
912859
912860
912861
912862
912863
912864
912865
912866
912867
912868
912869
912870
912871
912872
912873
912874
912875
912876
912877
912878
912879
912880
912881
912882
912883
912884
912885
912886
912887
912888
912889
912890
912891
912892
912893
912894
912895
912896
912897
912898
912899
912900
912901
912902
912903
912904
912905
912906
912907
912908
912909
912910
912911
912912
912913
912914
912915
912916
912917
912918
912919
912920
912921
912922
912923
912924
912925
912926
912927
912928
926513
926514
926515
926516
926517
926518
926519
926520
926521
926522
926523
926524
926525
926526
926527
926528
926529
926530
926531
926532
926533
926534
926535
926536
926537
926538
926539
926540
926541
926542
926543
926544
926545
926546
926547
926548
926549
926550
926551
926552
926553
926554
926555
926556
926557
926558
926559
926560
926561
926562
926563
926564
926565
926566
926567
926568
926569
926570
926571
926572
926573
926574
926575
926576
926577
926578
926579
926580
926581
926582
926583
926584
926585
926586
926587
926588
926589
926590
926591
926592
926593
926594
926595
926596
926597
926598
926599
926600
926601
926602
926603
926604
926605
926606
926607
926608
926609
926610
926611
926612
926613
926614
926615
926616
926617
926618
926619
926620
926621
926622
926623
926624
926625
926626
926627
926628
926629
926630
926631
926632
926633
926634
926635
926636
926637
926638
926639
926640
926641
926642
926643
926644
926645
926646
926647
926648
926649
926650
926651
926652
926653
926654
926655
926656
926657
926658
926659
926660
926661
926662
926663
926664
926665
926666
926667
926668
926669
926670
926671
926672
926673
926674
926675
926676
926677
926678
926679
926680
926681
926682
926683
926684
926685
926686
926687
926688
926689
926690
926691
926692
926693
926694
926695
926696
926697
926698
926699
926700
926701
926702
926703
926704
926705
926706
926707
926708
926709
926710
926711
926712
926713
926714
926715
926716
926717
926718
926719
926720
926721
926722
926723
926724
926725
926726
926727
926728
926729
926730
926731
926732
926733
926734
926735
926736
926737
926738
926739
926740
926741
926742
926743
926744
926745
926746
926747
926748
926749
926750
926751
926752
926753
926754
926755
926756
926757
926758
926759
926760
926761
926762
926763
926764
926765
926766
926767
926768
926769
926770
926771
926772
926773
926774
926775
926776
926777
926778
926779
926780
926781
926782
926783
926784
926785
926786
926787
926788
926789
926790
926791
926792
926793
926794
926795
926796
926797
926798
926799
926800
926801
926802
926803
926804
926805
926806
926807
926808
926809
926810
926811
926812
926813
926814
926815
926816
926817
926818
926819
926820
926821
926822
926823
926824
926825
926826
926827
926828
926829
926830
926831
926832
926833
926834
926835
926836
926837
926838
926839
926840
926841
926842
926843
926844
926845
926846
926847
926848
926849
926850
926851
926852
926853
926854
926855
926856
926857
926858
926859
926860
926861
926862
926863
926864
926865
926866
926867
926868
926869
926870
926871
926872
926873
926874
926875
926876
926877
926878
926879
926880
926881
926882
926883
926884
926885
926886
926887
926888
926889
926890
926891
926892
926893
926894
926895
926896
926897
926898
926899
926900
926901
926902
926903
926904
926905
926906
926907
926908
926909
926910
926911
926912
926913
926914
926915
926916
926917
926918
926919
926920
926921
926922
926923
926924
926925
926926
926927
926928
926929
926930
926931
926932
926933
926934
926935
926936
926937
926938
926939
926940
926941
926942
926943
926944
926945
926946
926947
926948
926949
926950
926951
926952
926953
926954
926955
926956
926957
926958
926959
926960
926961
926962
926963
926964
926965
926966
926967
926968
926969
926970
926971
926972
926973
926974
926975
926976
926977
926978
926979
926980
926981
926982
926983
926984
926985
926986
926987
926988
926989
926990
926991
926992
926993
926994
926995
926996
926997
926998
926999
927000
927001
927002
927003
927004
927005
927006
927007
927008
927009
927010
927011
927012
927013
927014
927015
927016
927017
927018
927019
927020
927021
927022
927023
927024
927025
927026
927027
927028
927029
927030
927031
927032
927033
927034
927035
927036
927037
927038
927039
927040
927041
927042
927043
927044
927045
927046
927047
927048
927049
927050
927051
927052
927053
927054
927055
927056
927057
927058
927059
927060
927061
927062
927063
927064
927065
927066
927067
927068
927069
927070
927071
927072
927073
927074
927075
927076
927077
927078
927079
927080
927081
927082
927083
927084
927085
927086
927087
927088
927089
927090
927091
927092
927093
927094
927095
927096
927097
927098
927099
927100
927101
927102
927103
927104
927105
927106
927107
927108
927109
927110
927111
927112
927113
927114
927115
927116
927117
927118
927119
927120
927121
927122
927123
927124
927125
927126
927127
927128
927129
927130
927131
927132
927133
927134
927135
927136
927137
927138
927139
927140
927141
927142
927143
927144
927145
927146
927147
927148
927149
927150
927151
927152
927153
927154
927155
927156
927157
927158
927159
927160
927161
927162
927163
927164
927165
927166
927167
927168
927169
927170
927171
927172
927173
927174
927175
927176
927177
927178
927179
927180
927181
927182
927183
927184
927185
927186
927187
927188
927189
927190
927191
927192
927193
927194
927195
927196
927197
927198
927199
927200
927201
927202
927203
927204
927205
927206
927207
927208
927209
927210
927211
927212
927213
927214
927215
927216
927217
927218
927219
927220
927221
927222
927223
927224
927225
927226
927227
927228
927229
927230
927231
927232
927233
927234
927235
927236
927237
927238
927239
927240
927241
927242
927243
927244
927245
927246
927247
927248
927249
927250
927251
927252
927253
927254
927255
927256
927257
927258
927259
927260
927261
927262
927263
927264
927265
927266
927267
927268
927269
927270
927271
927272
927273
927274
927275
927276
927277
927278
927279
927280
927281
927282
927283
927284
927285
927286
927287
927288
927289
927290
927291
927292
927293
927294
927295
927296
927297
927298
927299
927300
927301
927302
927303
927304
927305
927306
927307
927308
927309
927310
927311
927312
927313
927314
927315
927316
927317
927318
927319
927320
927321
927322
927323
927324
927325
927326
927327
927328
927329
927330
927331
927332
927333
927334
927335
927336
927337
927338
927339
927340
927341
927342
927343
927344
927345
927346
927347
927348
927349
927350
927351
927352
927353
927354
927355
927356
927357
927358
927359
927360
927361
927362
927363
927364
927365
927366
927367
927368
927369
927370
927371
927372
927373
927374
927375
927376
927377
927378
927379
927380
927381
927382
927383
927384
927385
927386
927387
927388
927389
927390
927391
927392
927393
927394
927395
927396
927397
927398
927399
927400
927401
927402
927403
927404
927405
927406
927407
927408
927409
927410
927411
927412
927413
927414
927415
927416
927417
927418
927419
927420
927421
927422
927423
927424
927425
927426
927427
927428
927429
927430
927431
927432
927433
927434
927435
927436
927437
927438
927439
927440
927441
927442
927443
927444
927445
927446
927447
927448
927449
927450
927451
927452
927453
927454
927455
927456
927457
927458
927459
927460
927461
927462
927463
927464
927465
927466
927467
927468
927469
927470
927471
927472
927473
927474
927475
927476
927477
927478
927479
927480
927481
927482
927483
927484
927485
927486
927487
927488
927489
927490
927491
927492
927493
927494
927495
927496
927497
927498
927499
927500
927501
927502
927503
927504
927505
927506
927507
927508
927509
927510
927511
927512
927513
927514
927515
927516
927517
927518
927519
927520
927521
927522
927523
927524
927525
927526
927527
927528
927529
927530
927531
927532
927533
927534
927535
927536
927537
927538
927539
927540
927541
927542
927543
927544
927545
927546
927547
927548
927549
927550
927551
927552
927553
927554
927555
927556
953321
953322
953323
953324
953325
953326
953327
953328
953329
953330
953331
953332
953333
953334
953335
953336
953337
953338
953339
953340
953341
953342
953343
953344
953345
953377
953378
953379
953380
953381
953382
953383
953384
953385
953386
953387
953388
953389
953390
953391
953392
953393
953394
953395
953396
953397
953398
953399
953400
953401
953402
953403
953480
953481
953482
953483
953484
953485
953486
953487
953488
953489
953490
953491
953492
953493
953494
953495
953496
953497
953498
953499
953500
953501
953502
953503
953504
953505
953506
953507
953508
953509
953510
953511
953512
953513
953514
953515
953516
953517
953518
953519
953520
953521
953522
953523
953524
953525
953526
953527
953528
953529
953530
953531
953532
953533
953534
953535
953536
953537
953843
953844
953845
953846
953847
953848
953849
953850
953851
953852
953853
953854
953855
953856
953857
953858
953859
953860
953861
953862
953863
954064
954065
954066
954067
954068
954069
954070
954071
954072
954073
954074
954075
954076
954077
954078
954079
954080
954081
954082
954083
954084
954085
954086
954087
954088
954089
954090
954091
954092
954093
954094
954095
954096
954235
954236
954237
954238
954239
954240
954241
954242
954243
954244
954245
954246
954247
954248
954249
954250
954251
954252
954253
954254
954255
954256
954257
954258
954259
954260
954261
954262
954263
954264
954265
954266
954267
954268
954269
955259
955260
955261
955262
955263
955264
955269
955270
955271
955272
955273
955274
955275
955276
955277
955278
955279
955280
955281
955282
955283
955284
955285
955286
955287
955288
955815
955816
955817
955818
955819
955820
955821
955822
955823
955824
955825
955826
955827
955828
955829
955830
955831
955832
955877
955878
955879
955880
955881
955882
955883
955884
955885
955886
955887
955888
955889
955890
955891
955892
955893
955894
955895
955896
955897
955898
955899
955900
955901
955902
956077
956078
956079
956080
956081
956082
956083
956084
956152
956153
956154
956155
956156
956157
956158
956159
956160
956161
956162
956662
956663
956664
956665
956666
956667
956668
956669
956670
956671
956672
956673
956674
956675
956676
956677
956678
956679
956680
956681
956682
956683
956684
956709
956710
956711
956712
956713
956714
956715
956716
956717
956718
956719
956720
956721
956722
956723
956724
956725
956726
956727
956746
956747
956748
956749
956750
956751
956752
956753
956754
956755
956756
956757
956758
956759
956760
956761
956780
956781
956782
956783
956784
956785
956786
956787
956788
956789
956790
956791
956792
956793
956794
956795
956796
956797
956798
956799
956800
956801
956817
956818
956838
956839
956840
956841
956842
956843
956844
956845
956846
956847
956848
956849
956850
956851
956852
956853
956854
956855
956856
956857
956858
956859
956877
956878
956879
956880
956881
956882
956883
956884
956885
956886
956887
956888
956889
956890
956891
956892
956893
956894
956895
956896
956897
956898
956899
956900
956901
956902
956903
956904
956905
956906
956907
956908
956909
956910
956911
956912
956913
956914
956915
956916
956960
956961
956962
956963
956964
956965
956966
956967
956968
956969
956970
956971
956972
956973
956974
956975
956976
956977
957045
957046
957047
957048
957049
957050
957051
957052
957053
957054
957055
957056
957057
957058
957059
957060
957061
957062
957063
957114
957115
957132
957133
957134
957135
957136
957137
957138
957139
957140
957141
957142
957143
957144
957145
957146
957147
957253
957254
957255
957256
957257
957258
957259
957260
957261
957262
957263
957264
957265
957266
957267
957268
957269
957270
957271
957272
957273
957274
957275
957276
957277
957299
957300
957301
957302
957303
957304
957305
957306
957307
957308
957309
957310
957311
957312
957313
957314
957315
957316
957317
957318
957319
957320
957321
957322
957323
957324
957325
957326
957327
957328
957329
957330
957370
957371
957372
957373
957374
957375
957376
957377
957378
957379
957380
957381
957382
957383
957403
957404
957405
957415
957416
957417
957418
957419
957420
957421
957422
957432
957433
957434
957435
957436
957437
957438
957439
957440
957441
957442
957443
957454
957455
957456
957457
957458
957459
957466
957467
957468
957469
957470
957471
957472
957473
957474
957475
957476
957477
957478
957479
957498
957499
957500
957501
957502
957503
957504
957505
957506
957507
957508
957509
957510
957511
957512
957513
957514
957515
957516
957517
957518
957535
957536
957537
957538
957539
957553
957554
957555
957556
957557
957558
957559
957560
957589
957590
957591
957592
957593
957594
957595
957596
957597
957598
957599
957600
957601
957602
957603
957604
957605
957606
957607
957608
957609
957610
957611
957612
957613
957614
957615
957616
957617
957618
957619
957620
957621
957622
957623
957624
957625
957626
957627
957628
957629
957630
957631
957632
957633
957634
957635
957636
957637
957638
957639
957640
957641
957642
957643
957644
957645
957646
957647
957648
957649
957650
957651
957652
957653
957654
957655
957656
957657
957658
957659
957660
957661
957662
957663
957664
957665
957666
957667
957668
957669
957793
957794
957795
957796
957797
957798
957799
957800
957801
957802
957803
957804
957805
957806
957807
957808
957809
957810
957811
957812
957813
957814
957815
957816
957817
957818
957819
957820
957821
957822
957823
957824
957825
957826
957827
957828
957829
957830
957831
957832
957833
957834
957835
957836
957837
957838
957839
957840
957841
957842
957843
957844
957845
957846
957847
957848
957849
957850
957851
957852
957853
957854
957855
957856
957857
957858
957859
957860
957861
957862
957863
957864
957865
957866
957867
957868
957869
957870
957871
957872
957873
957874
957875
957876
957877
957878
957879
957880
957881
957882
957883
957884
957885
957886
957887
957888
957889
957890
957891
957892
957893
957894
957895
957896
957897
957898
957899
957900
957901
957902
957903
957904
957905
957906
957907
957908
957909
957910
957911
957912
957913
957914
957915
957916
957917
957918
957919
957920
957921
957922
957923
957924
957925
957926
957927
957928
957929
957930
957931
957932
957933
957934
957935
957936
957937
957938
957939
957940
957941
957942
957943
957944
957945
957946
957947
957948
957949
957950
957951
957952
957953
957954
957955
957956
957957
957958
957959
957960
957961
957962
957963
957964
957965
957966
957967
957968
957969
957970
957971
957972
957973
957974
957975
957976
957977
957978
957979
957980
957981
957982
957983
957984
957985
957986
957987
957988
957989
957990
957991
957992
957993
957994
957995
957996
957997
957998
957999
958000
958001
958002
958003
958004
958005
958006
958007
958008
958009
958010
958011
958012
958013
958014
958015
958016
958017
958018
958019
958020
958021
958022
958227
958228
958229
958230
958231
958232
958233
958234
958235
958236
958237
958238
958239
958240
958241
958242
958243
958244
958245
958246
958258
958259
958260
958261
958262
958263
958264
958265
958266
958267
958268
958269
958310
958311
958312
958313
958314
958315
958316
958317
958318
958319
958320
958321
958322
958323
958324
958325
958326
958327
958328
958329
958330
958331
958332
958333
958334
958335
958336
958337
958338
958339
958340
958341
958342
958343
958344
958345
958346
958347
958348
958349
958350
958351
958352
958353
958354
958355
958356
958357
958358
958359
958360
958361
958362
958363
958364
958365
958366
958367
958368
958369
958370
958371
958372
958373
958374
958375
958376
958445
958449
958450
958451
958452
958453
958454
958455
958456
958457
958458
958459
958460
958461
958462
958463
958464
958465
958466
958467
958468
958499
958500
958501
958502
958503
958504
958505
958506
958507
958508
958509
958510
958511
958512
958513
958514
958515
958516
958517
958518
958519
958520
958521
958522
958523
958524
958525
958526
958527
958528
958529
958530
958531
958532
958533
958534
958535
958536
958537
958538
958539
958540
958541
958542
958543
958544
958545
958546
958547
958548
958549
958550
958551
958552
958553
958554
958555
958556
958557
958558
958559
958560
958640
958641
958642
958643
958644
958645
958646
958647
958648
958649
958650
958651
958660
958661
958662
958663
958664
958665
958666
958667
958668
958669
958670
958671
958672
958673
958674
958675
958676
958677
958678
958679
958680
958681
958682
958683
958684
958685
958686
958687
958688
958689
958690
958691
958692
958693
958694
958695
958696
958697
958698
958699
958700
958701
958702
958703
958704
958705
958706
958707
958708
958709
958710
958711
958712
958713
958714
958715
958716
958717
958718
958719
958720
958721
958722
958723
958724
958725
958726
958727
958828
958829
958830
958831
958832
958833
958834
958835
958836
958837
958838
958839
958840
958841
958842
958857
958858
958859
958860
958861
958862
958863
958864
959082
959083
959084
959085
959086
959087
959088
959089
959090
959091
959092
959093
959094
959095
959096
959097
959110
959111
959112
959136
959137
959140
959141
959144
959145
959146
959147
959148
959149
959156
959157
959158
)


// ************************************************************************* //
