/*--------------------------------*- C++ -*----------------------------------*\
| =========                 |                                                 |
| \\      /  F ield         | OpenFOAM: The Open Source CFD Toolbox           |
|  \\    /   O peration     | Version:  v2012                                 |
|   \\  /    A nd           | Website:  www.openfoam.com                      |
|    \\/     M anipulation  |                                                 |
\*---------------------------------------------------------------------------*/
FoamFile
{
    version     2.0;
    format      ascii;
    class       faceSet;
    location    "constant/polyMesh/sets";
    object      topPatch;
}
// * * * * * * * * * * * * * * * * * * * * * * * * * * * * * * * * * * * * * //


9793
(
864172
864173
864174
864175
866559
866560
866561
866562
866563
866564
866565
866567
866568
866569
866570
866571
866572
866573
866574
866575
866576
866577
866578
866579
866580
866581
866582
866583
866584
866585
866586
866587
866588
866589
866590
866591
866592
866593
866594
866595
866596
866597
866598
866599
866600
866601
866602
866603
866604
866605
866606
866607
866608
866609
866610
866611
866612
866613
866614
866615
866616
866617
866618
866619
866620
866621
866622
866623
866624
866625
866626
866627
866628
866629
866630
866631
866632
866633
866634
866635
866636
866637
866638
866639
866640
866641
866642
866643
866644
866645
866646
866647
866649
866650
866651
866652
866653
866654
866655
866656
866657
866658
866659
866660
866661
866662
866663
866664
866665
866666
866667
866668
866669
866670
866671
866672
866673
866674
866675
866676
866677
866678
866679
866680
866681
866682
866683
866684
866685
866686
866687
866688
866689
866690
866691
866692
866693
866694
866695
866696
866697
866698
866699
866700
866701
866702
866703
866704
866705
866706
866707
866708
866709
866710
866711
866712
866713
866714
866715
866716
866717
866718
866719
866720
866721
866722
866723
866724
866725
866726
866727
866728
866729
866730
866731
866732
866733
866734
866735
866736
866737
866738
866739
866740
866741
866742
866743
866744
866745
866746
866747
866748
866749
866750
866751
866752
866753
866754
866755
866756
866757
866758
866759
866760
866761
866762
866763
866764
866765
866766
866767
866768
866769
866770
866771
866772
866773
866774
866775
866776
866777
866778
866779
866780
866781
866782
866783
866784
866785
866786
866787
866788
866789
866790
866791
866792
866793
866794
866796
866797
866798
866799
866800
866801
866802
866803
866804
866805
866806
866807
866808
866809
866810
866811
866812
866813
866814
866815
866816
866817
866818
866819
866820
866821
866822
866823
866824
866825
866826
866827
866828
866829
866831
866832
866833
866834
866835
866836
866837
866838
866839
866840
866841
866842
866843
866844
866845
866846
866847
866848
866849
866850
866851
866852
866853
866854
866855
866856
866857
866858
866859
866860
866861
866862
866863
866864
866865
866866
866867
866868
866869
866870
866871
866872
866873
866874
866875
866876
866877
866878
866879
866880
866881
866882
866883
866884
866885
866886
866888
866889
866890
866892
866893
866894
866895
866896
866897
866898
866899
866900
866901
866902
866903
866904
866905
866906
866907
866908
866909
866910
866911
866912
866913
866914
866915
872076
872077
872078
872079
872080
872081
872082
872083
872084
872085
890545
890546
890550
890551
890552
890553
890554
890556
890557
890558
890559
890560
890561
890562
890563
890564
890565
890569
890570
890571
890572
890573
890578
890579
890584
890585
890587
890588
890589
890590
890591
890592
890593
890594
890595
890596
890597
890598
890599
890600
890601
890602
890603
890604
890605
890606
890607
890608
890609
890610
890611
890612
890613
890614
890615
890616
890617
890618
890619
890620
890621
890622
890623
890624
890625
890626
890627
890628
890629
890630
890631
890632
890633
890634
890635
890636
890637
890638
890639
890640
890644
890645
890646
890647
890648
890649
890654
890655
890657
890658
890659
890660
890661
890662
890663
890664
890665
890666
890667
890668
890669
890670
890671
890672
890673
890674
890675
890676
890677
890678
890679
890680
890681
890682
890683
890684
890685
890686
890687
890688
890689
890690
890691
890692
890693
890694
890695
890696
890697
890698
890699
890700
890701
890702
890703
890704
890705
890706
890707
890708
890709
890710
890711
890712
890713
890714
890715
890716
890717
890718
890719
890720
890721
890722
890723
890724
890725
890726
890727
890728
890729
890730
890731
890732
890733
890734
890735
890736
890737
890738
890739
890740
890741
890742
890746
890747
890751
890752
890753
890754
890755
890756
890757
890758
890759
890760
890761
890762
890763
890764
890765
890766
890767
890768
890769
890770
890771
890772
890773
890774
890775
890776
890777
890778
890779
890780
890781
890782
890783
890784
890785
890786
890787
890788
890789
890790
890791
890792
890793
890794
890795
890796
890797
890798
890799
890800
890801
890802
890803
890804
890805
890806
890807
890808
890809
890810
890811
890812
890813
890814
890815
890816
890817
890818
890819
890820
890821
890822
890823
890824
890825
890826
890827
890828
890829
890830
890831
890832
890833
890834
890835
890836
890837
890838
890839
890843
890846
890847
890848
890849
890850
890852
890855
890856
890857
890858
890859
890860
890861
890862
890863
890864
890865
890866
890867
890868
890869
890870
890871
890872
890873
890874
890875
890876
890877
890878
890879
890880
890881
890882
890883
890884
890885
890886
890887
890888
890889
890890
890891
890892
890893
890894
890895
890896
890897
890898
890899
890900
890901
890902
890903
890904
890905
890906
890907
890908
890909
890910
890911
890912
890913
890914
890915
890916
890917
890918
890919
890920
890921
890922
890923
890924
890925
890926
890927
890928
890929
890930
890931
890932
890933
890934
890935
890936
890937
890938
890939
890940
890941
890942
890943
890944
890945
890946
890947
890948
890949
890950
890951
890952
890953
890954
890955
890956
890957
890961
890962
890965
890966
890969
890970
890971
890972
890973
890974
890975
890976
890977
890978
890979
890980
890981
890982
890983
890984
890985
890986
890987
890988
890989
890990
890991
890992
890993
890994
890995
890996
890997
890998
890999
891000
891001
891002
891003
891004
891005
891006
891007
891008
891009
891010
891011
891012
891013
891014
891015
891016
891017
891018
891019
891020
891021
891022
891023
891024
891025
891026
891027
891028
891029
891030
891031
891032
891033
891034
891035
891036
891037
891038
891039
891040
891041
891042
891043
891044
891045
891046
891047
891048
891049
891050
891051
891052
891053
891054
891055
891056
891057
891058
891059
891060
891061
891062
891063
891064
891065
891066
891067
891068
891069
891070
891073
891074
891075
891079
891080
891081
891082
891083
891084
891085
891086
891087
891088
891089
891090
891091
891092
891093
891094
891095
891096
891097
891098
891099
891100
891101
891102
891103
891104
891105
891106
891107
891108
891109
891110
891111
891112
891113
891114
891115
891116
891117
891118
891119
891120
891121
891122
891123
891124
891125
891126
891127
891128
891129
891130
891131
891132
891133
891134
891135
891136
891137
891138
891139
891140
891141
891142
891143
891144
891145
891146
891147
891148
891149
891150
891151
891152
891153
891154
891155
891156
891157
891158
891159
891160
891161
891162
891163
891164
891165
891166
891167
891168
891169
891170
891171
891172
891173
891174
891175
891176
891177
891178
891179
891180
891181
891182
891183
891184
891185
891186
891187
891190
891191
891192
891193
891194
891195
891196
891199
891200
891201
891202
891203
891204
891205
891206
891207
891208
891209
891210
891211
891212
891213
891214
891215
891216
891217
891218
891219
891220
891221
891222
891223
891224
891225
891226
891227
891228
891229
891230
891231
891232
891233
891234
891235
891236
891237
891238
891239
891240
891241
891242
891243
891244
891245
891246
891247
891248
891249
891250
891251
891252
891253
891254
891255
891256
891257
891258
891259
891260
891261
891262
891263
891264
891265
891266
891267
891268
891269
891270
891271
891272
891273
891274
891275
891276
891277
891278
891279
891280
891281
891282
891283
891284
891285
891286
891287
891288
891289
891290
891291
891292
891293
891294
891295
891296
891297
891298
891299
891300
891301
891302
891311
891313
891319
891320
891321
891322
891323
891324
891325
891326
891327
891328
891329
891330
891331
891332
891333
891334
891335
891336
891337
891338
891339
891340
891341
891342
891343
891344
891345
891346
891347
891348
891349
891350
891351
891352
891353
891354
891355
891356
891357
891358
891359
891360
891361
891362
891363
891364
891365
891366
891367
891368
891369
891370
891371
891372
891373
891374
891375
891376
891377
891378
891379
891380
891381
891382
891383
891384
891385
891386
891387
891388
891389
891390
891391
891392
891393
891394
891395
891396
891397
891398
891399
891400
891401
891402
891403
891404
891405
891406
891407
891408
891409
891410
891411
891412
891413
891414
891415
891416
891417
891418
891419
891420
891423
891425
891427
891428
891429
891431
891432
891433
891434
891435
891436
891437
891438
891439
891440
891441
891442
891443
891444
891445
891446
891447
891448
891449
891450
891451
891452
891453
891454
891455
891456
891457
891458
891459
891460
891461
891462
891463
891464
891465
891466
891467
891468
891469
891470
891471
891472
891473
891474
891475
891476
891477
891478
891479
891480
891481
891482
891483
891484
891485
891486
891487
891488
891489
891490
891491
891492
891493
891494
891495
891496
891497
891498
891499
891500
891501
891502
891503
891504
891505
891506
891507
891508
891509
891510
891511
891512
891513
891514
891519
891520
891522
891523
891524
891527
891533
891534
891535
891536
891537
891538
891539
891540
891541
891542
891543
891544
891545
891546
891547
891548
891549
891550
891551
891552
891553
891554
891555
891556
891557
891558
891559
891560
891561
891562
891563
891564
891565
891566
891567
891568
891569
891570
891571
891572
891573
891574
891575
891576
891577
891578
891579
891580
891581
891582
891583
891584
891585
891586
891587
891588
891589
891590
891591
891592
891593
891594
891595
891596
891597
891598
891599
891600
891601
891602
891603
891604
891605
891606
891608
891609
891610
891611
891612
891613
891614
891615
891616
891618
891620
891624
891625
891629
891630
891631
891632
891633
891636
891637
891639
891640
891641
891642
891643
891644
891645
891646
891647
891648
891649
891650
891651
891652
891653
891654
891655
891656
891657
891658
891659
891660
891661
891662
891663
891664
891665
891666
891667
891668
891669
891670
891671
891672
891673
891674
891675
891676
891677
891678
891679
891680
891681
891682
891683
891684
891685
891686
891687
891688
891690
891693
891696
891697
891703
891704
891708
891709
891710
891716
891717
891718
891719
891720
891721
891722
891728
891730
891735
891737
891739
891740
891741
891742
891743
891744
891745
891746
891747
891748
891749
891750
891751
891752
891753
891754
891755
891756
891768
891769
891770
891771
891772
891773
891774
891820
891822
891823
891824
891825
891826
891831
891832
891833
891834
891835
891837
891839
891841
891843
891844
891845
891846
891847
891850
891853
891854
891855
891856
891857
891859
891861
891862
891863
891864
891865
891866
891867
891868
891869
891870
891871
891872
891963
891964
891965
891966
891967
891968
891969
891970
891971
891972
891973
891974
891975
891976
892159
892162
892164
892166
892169
892170
892171
892172
892173
892174
892175
892176
892177
892178
892179
892180
892181
892182
892184
892185
892186
892187
892188
892189
892190
892191
892192
892193
892194
892196
892198
892201
892205
892206
892209
892210
892211
892213
892215
892216
892219
892220
892221
892222
892227
892229
892230
892231
892232
892233
892234
892236
892239
892240
892242
892243
892245
892246
892248
892250
892252
892254
892256
892258
892260
892263
892266
892268
892270
892272
892273
892274
892275
892277
892278
892279
892280
892281
892282
892283
892284
892285
892286
892287
892288
892289
892290
892291
892292
892294
892295
892296
892297
892298
892299
892300
892301
892303
892304
892305
892306
892307
892308
892309
892310
892311
892312
892313
892315
892316
892317
892318
892319
892321
892323
892325
892329
892331
892333
892335
892340
892341
892344
892345
892347
892349
892351
892352
892353
892354
892358
892359
892360
892361
892362
892363
892364
892365
892366
892367
892372
892375
892376
892378
892380
892382
892384
892386
892387
892389
892390
892393
892395
892399
892401
892403
892405
892406
892407
892408
892409
892410
892411
892412
892413
892414
892416
892417
892418
892419
892420
892421
892422
892423
892424
892426
892428
892430
892432
892435
892436
892437
892438
892439
892440
892464
892465
892466
892467
892468
892469
892470
892471
892472
892473
892565
892566
892571
892572
892573
892574
892575
892576
892577
892578
892579
892580
892581
892582
892592
892593
892594
892596
892597
892598
892601
892602
892603
892604
892605
892606
892607
892608
892609
892610
892611
892612
892613
892614
892615
892616
892619
892620
892621
892623
892624
892625
892635
892636
892637
892638
892639
892640
892641
892642
892643
892644
892645
892646
892651
892652
892655
892656
892657
892658
892659
892660
892661
892662
892663
892664
892665
892666
892667
892668
892669
892772
892773
892774
892775
892776
892777
892778
892779
892780
892781
892782
892783
892784
892785
892786
892787
892788
892789
892790
892791
892792
892793
892794
892795
892796
892797
892798
892799
893080
893081
893082
893092
893093
893094
893103
893104
893105
893108
893109
893110
893128
893129
893132
893133
893134
893146
893147
893148
893149
893150
893166
893167
893168
893169
893170
893173
893174
893175
893185
893186
893195
893196
893197
893204
893205
893206
893213
893214
893215
893220
893221
893222
893239
893240
893241
893246
893247
893248
893254
893255
893256
893263
893264
893265
893283
893284
893285
893286
893287
893290
893291
893292
893302
893303
893308
893309
893310
893321
893322
893325
893326
893327
893339
893340
893346
893347
893348
893351
893352
893353
893362
893363
893364
893374
893375
893376
893383
893384
893385
893386
893387
893388
893389
893390
893391
893392
893393
893394
893395
893396
893397
893398
893399
893400
893401
893402
893403
893404
893405
893406
893407
893408
893409
893410
893411
893412
893420
893421
893422
893423
893424
893425
893426
893427
893428
893429
893430
893431
893432
893433
893434
893435
893436
893437
893438
893439
893440
893441
893442
893443
893444
893445
893446
893447
893448
893449
893498
893499
893500
893501
893513
893514
893515
893516
893522
893523
893524
893525
893526
893527
893528
893529
893530
893531
893532
893533
893534
893535
893536
893537
893538
893722
893723
893724
893725
893726
893727
893728
893729
893730
893731
893732
893733
893734
893735
893736
893737
893738
893739
893740
893741
893742
893743
893744
893745
893746
893747
893748
893749
893750
893751
893752
893753
893754
893755
893756
893757
893758
893759
893760
893761
893762
893763
893764
893765
893766
893767
893768
893769
893770
893771
893772
893773
893774
893775
893776
893777
893778
893779
893780
893781
893782
893783
893784
893785
893786
893787
893788
893789
893790
893791
894051
894069
894088
894094
894177
894184
894192
894203
894244
894255
894261
894269
894352
894360
894381
894397
894410
894411
894412
894413
894414
894415
894416
894417
894418
894465
894466
894467
894468
894469
894470
894471
894472
894473
894474
894475
894476
894485
894486
894487
894488
894489
894490
894491
894492
894493
894494
894495
894496
894501
894502
894503
894504
894505
894506
894507
894508
894509
894583
894584
894585
894586
894587
894588
894589
894590
894591
894592
894593
894594
894595
894596
894597
894598
894599
894600
894601
894602
894603
894604
894605
894606
894607
894608
894609
894610
894611
894612
894613
894614
894615
894616
894617
894618
894619
894620
894621
894622
894623
894624
894625
894626
894627
894628
894629
894630
894912
894917
894922
894923
894924
894925
894926
894927
894943
894946
894972
894974
894991
894996
894997
894998
894999
895004
895005
895006
895007
895008
895009
895010
895015
895016
895017
895018
895038
895040
895069
895072
895089
895090
895091
895092
895093
895094
895095
895099
895111
895112
895113
895114
895115
895116
895117
895118
895119
895120
895121
895122
895123
895124
895125
895126
895127
895128
895129
895130
895131
895132
895133
895134
895135
895136
895137
895138
895139
895140
895141
895142
895143
895144
895145
895146
895147
895148
895149
895150
895151
895152
895153
895154
895155
895156
895157
895158
895159
895160
895161
895162
895163
895164
895165
895166
895167
895168
895169
895170
895171
895172
895173
895174
895175
895176
895177
895178
895179
895180
895181
895182
895183
895184
895185
895186
895187
895188
895189
895190
895191
895192
895193
895194
895195
895196
895197
895198
895199
895200
895214
895215
895216
895217
895218
895219
895220
895221
895222
895223
895224
895225
895226
895227
895228
895229
895230
895231
895232
895233
895234
895235
895236
895237
895238
895239
895240
895241
895242
895243
895244
895245
895246
895247
895248
895249
895420
895421
895422
895423
895424
895425
895426
895427
895428
895429
895430
895431
895432
895433
895434
895435
895436
895437
895438
895439
895440
895441
895442
895443
895444
895445
895446
895447
895448
895449
895450
895451
895452
895453
895454
895455
895456
895457
895458
895459
895460
895461
895462
895463
895464
895465
895466
895467
895468
895469
895470
895471
895472
895473
895474
895475
895476
895477
895478
895479
895605
895606
895607
895608
895609
895610
895611
895612
895613
895614
895615
895616
895617
895618
895619
895620
895621
895622
895623
895624
895625
895626
895627
895628
895629
895630
895631
895632
895633
895634
895635
895636
895637
895638
895639
895640
895641
895642
895643
895644
895645
895646
895647
895648
895649
895650
895651
895652
895834
895841
895864
895866
895871
895873
895891
895892
895893
895894
895895
895896
895906
895908
895926
895933
895940
895947
895970
895973
895983
895984
895985
895986
895988
895991
896009
896010
896014
896015
896034
896042
896070
896071
896072
896073
896074
896075
896076
896077
896078
896079
896080
896081
896082
896083
896202
896203
896204
896205
896206
896207
896208
896209
896210
896211
896212
896213
896300
896301
896302
896303
896304
896305
896306
896307
896308
896309
896310
896311
896312
896313
896314
896315
896316
896317
896318
896319
896320
896321
896322
896323
896324
896325
896326
896327
896328
896329
896330
896331
896332
896333
896334
896335
896336
896337
896338
896339
896340
896341
896342
896343
896344
896345
896346
896347
896348
896349
896350
896351
896626
896637
896652
896663
896721
896732
896745
896757
896788
896789
896790
896791
896792
896793
896794
896795
896796
896797
896798
896799
896800
896801
896802
896803
896804
896805
896806
896807
896808
896809
896810
896811
896812
896813
896814
896815
896816
896817
896818
896819
896820
896821
896822
896823
896824
896825
896826
896827
896828
896829
896830
896831
896832
896833
896834
896835
896836
896837
896838
896839
896840
896841
896842
896843
896844
896845
896846
896847
896848
896849
896850
896851
896852
896853
896875
896876
896877
896878
896879
896880
896881
896882
896883
896884
896885
896886
896887
896888
896889
896890
896891
896892
896893
896894
896895
896896
896897
896898
896899
896900
896901
896902
896903
896904
896905
896906
896907
896908
896909
896910
896911
896912
896913
896914
896915
896916
896917
896918
896919
896920
896921
896922
896923
896924
896925
896926
896927
896928
896929
896930
896931
896932
896933
896934
896935
896936
896937
896938
896939
896940
896941
896942
896943
896944
896945
896946
896947
896948
896949
896950
896951
896952
896953
896954
896955
896956
896957
896958
896959
896960
896961
896962
896963
896964
896965
896966
896967
896968
896969
896970
896971
896972
896973
896974
896975
896976
896977
896978
897305
897306
897307
897308
897309
897310
897311
897312
897313
897314
897315
897316
897317
897318
897319
897320
897321
897322
897323
897324
897325
897326
897327
897328
897329
897330
897331
897332
897333
897334
897335
897336
897337
897338
897339
897340
897341
897342
897343
897344
897345
897346
897347
897348
897349
897350
897351
897352
897353
897354
897355
897356
897357
897358
897359
897360
897361
897362
897363
897364
897365
897366
897367
897368
897369
897370
897371
897372
897373
897374
897375
897376
897377
897378
897379
897380
897381
897382
897383
897384
897385
897386
897387
897388
897389
897390
897391
897392
897393
897394
897395
897396
897397
897398
897399
897400
897401
897402
897403
897404
897405
897406
897407
897408
897409
897410
897411
897412
897413
897414
897415
897416
897417
897418
897419
897420
897421
897422
897423
897424
897425
897426
897427
897428
897429
897430
897431
897432
897433
897434
897435
897436
897437
897438
897439
897440
897441
897442
897776
897777
897778
897779
897780
897781
897782
897783
897784
897785
897786
897787
897788
897789
897790
897791
897792
897793
897794
897795
897796
897797
897798
897799
897800
897801
897802
897803
897804
897805
897806
897807
897808
897809
897810
897811
897812
897813
897814
897815
897816
897817
897818
897819
897820
897821
897822
897823
897824
897825
897826
897827
897828
897829
897830
897831
897832
897833
897834
897835
897836
897837
897838
897839
897840
897841
897842
897843
897844
897845
897846
897847
897848
897849
897850
897851
897852
897853
897854
897855
897856
897857
897858
897859
897860
897861
897862
897863
897864
897865
897866
897867
897868
897869
897870
897871
897872
897873
897874
897875
897876
897877
897878
897879
897880
897881
897882
897883
897884
897885
897886
897887
897888
897889
897890
897891
897892
897893
897894
897895
897896
897897
897898
897899
897900
897901
897902
897903
897904
897905
897906
897907
897908
897909
897910
897911
897912
897913
897914
897915
897916
897917
897918
897919
897920
897921
897922
897923
897924
897925
897926
897927
897928
897929
897930
897931
897932
897933
897934
897935
897936
897937
897938
897939
897940
897941
897942
897943
897944
897945
897946
897947
897948
897949
897950
897951
898639
898640
898641
898642
898643
898644
898645
898646
898647
898648
898649
898650
898707
898708
898709
898710
898711
898712
898713
898714
898715
898716
898717
898718
898719
898720
898721
898722
898723
898724
898725
898726
898727
898728
898729
898730
898731
898732
898733
898734
898735
898736
898737
898738
898739
898740
898741
898742
898743
898744
898745
898746
898747
898748
898825
898826
898827
898828
898829
898830
898831
898832
898833
898834
898835
898836
898837
898838
898839
898840
898841
898842
898843
898844
898845
898846
898847
898848
898849
898850
898851
898852
898853
898902
898903
898904
898905
898906
898907
898908
898909
898910
898911
898912
898913
898914
898915
898916
898917
898918
898919
898920
898921
898922
898923
898924
898925
898926
898927
898928
898929
898930
898931
898932
898933
898934
898935
898936
898937
898938
898939
898940
898941
898958
898959
898960
898961
898962
898963
898964
898965
898966
898967
898968
898969
898974
898975
898976
898977
898978
898979
898980
898981
898982
898983
898984
898985
898986
898987
898988
898989
898990
898991
898992
898993
899062
899063
899064
899065
899066
899067
899068
899069
899070
899071
899072
899073
899074
899075
899076
899077
899078
899079
899080
899081
899082
899083
899084
899085
899086
899087
899088
899089
899090
899091
899132
899133
899134
899135
899136
899137
899138
899139
899140
899141
899142
899143
899144
899145
899146
899147
899148
899149
899150
899151
899152
899153
899154
899155
899156
899157
899158
899159
899160
899161
899162
899163
899164
899165
899166
899167
899168
899169
899170
899171
899172
899173
899174
899175
899176
899177
899178
899179
899180
899181
899182
899183
899184
899185
899186
899187
899292
899293
899294
899295
899296
899297
899298
899299
899300
899301
899302
899303
899304
899305
899306
899307
899308
899309
899310
899311
899312
899313
899314
899315
899316
899317
899318
899319
899320
899321
899322
899323
899324
899325
899326
899327
899328
899329
899330
899331
899332
899333
899334
899335
899336
899337
899338
899339
899340
899341
899342
899343
899344
899345
899346
899347
899348
899349
899350
899351
899352
899353
899354
899355
899356
899357
899358
899359
899360
899361
899362
899363
899364
899365
899366
899367
899368
899369
899370
899371
899372
899373
899374
899375
899376
899377
899378
899379
899380
899381
899382
899383
899384
899385
899386
899387
899388
899389
899390
899391
899392
899393
899394
899395
899396
899397
899398
899399
899400
899401
899402
899445
899446
899447
899448
899449
899450
899451
899452
899453
899454
899455
899456
899457
899458
899459
899460
899461
899462
899463
899464
899465
899466
899467
899468
899469
899470
899471
899472
899473
899474
899475
899555
899556
899557
899558
899559
899560
899561
899562
899563
899564
899565
899566
899567
899568
899569
899570
899571
899572
899573
899574
899575
899576
899577
899578
899579
899580
899581
899582
899583
899584
899585
899586
899587
899588
899589
899590
899591
899592
899593
899594
899595
899596
899597
899598
899599
899600
899601
899602
899603
899604
899605
899606
899607
899608
899609
899610
899611
899612
899619
899620
899621
899622
899623
899624
899625
899626
899627
899628
899679
899680
899681
899682
899683
899684
899743
899744
899745
899746
899747
899748
899749
899750
899751
899752
899753
899754
899755
899756
899757
899758
899759
899760
899761
899762
899763
899764
899765
899766
899767
899768
899769
899770
899771
899772
899773
899774
899775
899776
899777
899778
899779
899780
899781
899782
899783
899784
899785
900044
900045
900046
900047
900048
900049
900050
900051
900052
900053
900054
900055
900056
900057
900058
900059
900060
900061
900062
900063
900064
900065
900066
900067
900068
900069
900070
900071
900072
900073
900074
900075
900076
900077
900078
900079
900080
900081
900082
900083
900084
900085
900086
900087
900088
900089
900090
900091
900092
900093
900094
900095
900096
900097
900098
900099
900100
900101
900102
900103
900104
900105
900106
900107
900108
900109
900110
900111
900112
900113
900114
900115
900134
900135
900136
900137
900138
900139
900140
900141
900142
900143
900144
900145
900146
900147
900204
900205
900206
900207
900208
900209
900210
900211
900212
900213
900214
900215
900216
900217
900218
900219
900220
900221
900222
900223
900224
900225
900226
900227
900228
900229
900230
900231
900232
900233
900234
900235
900236
900237
900238
900239
900309
900310
900311
900312
900313
900314
900315
900316
900317
900318
900319
900320
900321
900322
900323
900324
900325
900326
900327
900328
900329
900330
900331
900332
900333
900334
900335
900336
900337
900338
900446
900447
900448
900449
900450
900451
900452
900453
900454
900455
900456
900457
900578
900579
900580
900581
900582
900583
900584
900585
900586
900587
900588
900589
900590
900591
900592
900593
900594
900595
900596
900597
900598
900599
900600
900601
900602
900603
900604
900605
900606
900607
900608
900609
900610
900611
900612
900613
900614
900615
900616
900617
900618
900619
900620
900621
900622
900623
900624
900625
900626
900627
900628
900629
900630
900631
900632
900633
900634
900635
900636
900637
900638
900639
900640
900641
900642
900643
900644
900645
900646
900647
900648
900649
900650
900651
900652
900653
900654
900655
900656
900657
900658
900659
900660
900661
900662
900663
900664
900665
900666
900667
900668
900669
900670
900671
900672
900673
900674
900675
900676
900677
900678
900679
900874
900875
900876
900877
900878
900879
900880
900881
900882
900883
900884
900885
900886
900887
900888
900889
900890
900891
900892
900893
900894
900895
900896
900897
900898
900899
900900
900901
900902
900903
900904
900905
900906
900907
900908
900909
900910
900911
900912
900913
900914
900915
900916
900917
900918
900919
900920
900921
900922
900923
900924
900925
900926
900927
900928
900929
900930
900931
900932
900933
900934
900935
900936
900937
900938
900939
900940
900941
900942
900943
900944
900945
900946
900947
900948
900949
900950
900951
900952
900953
900954
900955
900956
900957
900958
900959
900960
900961
900962
900963
900964
900965
900966
900967
900968
900969
900970
900971
900972
900973
900974
900975
900976
900977
900978
900979
900980
900981
900982
900983
900984
900985
900986
900987
900988
900989
900990
900991
900992
900993
900994
900995
900996
900997
900998
900999
901000
901001
901002
901003
901004
901005
901006
901102
901103
901104
901105
901106
901107
901108
901109
901110
901111
901112
901113
901114
901115
901116
901117
901118
901119
901120
901121
901122
901123
901124
901125
901126
901127
901128
901129
901130
901131
901132
901133
901134
901135
901136
901137
901138
901139
901140
901141
901142
901143
901144
901145
901146
901147
901148
901149
901150
901151
901152
901153
901154
901155
901156
901157
901158
901159
901160
901161
901162
901163
901164
901165
901166
901167
901168
901169
901170
901330
901331
901332
901333
901334
901335
901336
901337
901338
901339
901340
901341
901342
901343
901344
901345
901346
901347
901348
901349
901350
901351
901352
901353
901354
901355
901356
901357
901358
901359
901360
901361
901362
901363
901364
901365
901366
901367
901368
901369
901370
901371
901372
901373
901374
901375
901376
901377
901378
901379
901380
901381
901382
901383
901384
901385
901386
901387
901388
901389
901390
901391
901392
901393
901394
901395
901396
901397
901398
901399
901400
901401
901402
901403
901404
901405
901406
901407
901408
901409
901410
901411
901412
901413
901414
901415
901416
901417
901418
901419
901420
901421
901422
901423
901424
901425
901426
901427
901428
901429
901430
901431
901432
901433
901434
901435
901436
901437
901438
901439
901440
901441
901442
901443
901444
901445
901446
901447
901448
901449
901450
901642
901643
901644
901645
901722
901723
901724
901725
901726
901727
901728
901729
901730
901731
901732
901733
901734
901735
901736
901737
901738
901739
901740
901741
901742
901743
901760
901761
901762
901763
901764
901765
901766
901767
901768
901769
901770
901771
901801
901802
901803
901804
901805
901806
901807
901808
901809
901810
901811
901812
901813
901814
901815
901816
901817
901818
901850
901851
901852
901853
901854
901855
901856
901857
901858
901859
901860
901861
901878
901879
901880
901881
901882
901883
901884
901885
901886
901887
901888
901889
901928
901929
901930
901931
901932
901933
901934
901935
901936
901937
901938
901939
901940
901941
901942
901943
901944
901945
901946
901947
901948
901949
901950
901951
901952
901953
901954
901955
901956
902020
902021
902022
902023
902024
902025
902026
902027
902028
902029
902030
902031
902032
902033
902034
902035
902036
902043
902044
902045
902046
902047
902048
902049
902050
902051
902052
902053
902054
902055
902056
902057
902106
902107
902108
902109
902110
902111
902112
902113
902114
902115
902116
902117
902118
902119
902120
902121
902122
902123
902124
902125
902126
902127
902128
902129
902130
902131
902132
902133
902134
902135
902136
902137
902138
902139
902140
902141
902145
902146
902147
902148
902149
902200
902201
902202
902203
902204
902205
902206
902207
902208
902209
902210
902211
902212
902213
902214
902215
902216
902217
902218
902219
902220
902221
902222
902223
902224
902225
902226
902227
902228
902229
902230
902231
902232
902273
902274
902275
902276
902277
902278
902279
902280
902281
902282
902283
902284
902285
902286
902287
902288
902289
902290
902291
902292
902293
902294
902295
902296
902297
902298
902299
902300
902301
902302
902335
902336
902337
902338
902339
902340
902341
902342
902343
902344
902345
902346
902347
902348
902349
902350
902351
902352
902353
902354
902355
902356
902357
902358
902359
902360
902361
902362
902363
902364
902365
902366
902367
902368
902369
902370
902387
902388
902389
902390
902391
902392
902393
902394
902395
902396
902397
902398
902425
902426
902427
902428
902429
902430
902431
902432
902433
902434
902435
902436
902437
902438
902439
902440
902441
902442
902443
902444
902445
902446
902447
902448
902449
902450
902451
902452
902453
902486
902487
902488
902489
902490
902491
902492
902493
902494
902495
902496
902497
902498
902499
902500
902501
902502
902503
902504
902505
902506
902507
902508
902509
902510
902511
902512
902513
902514
902515
902516
902543
902544
902545
902546
902547
902548
902549
902550
902551
902552
902553
902554
902555
902556
902557
902558
902559
902560
902561
902562
902563
902564
902565
902566
902567
902568
902569
902570
902571
902572
902573
902614
902615
902616
902617
902618
902619
902620
902621
902622
902623
902624
902625
902626
902627
902628
902629
902630
902631
902632
902633
902634
902635
902636
902637
902638
902639
902640
902641
902642
902659
902660
902661
902662
902663
902664
902665
902666
902667
902668
902669
902670
902671
902672
902673
902674
902675
902676
902701
902702
902703
902704
902705
902706
902707
902708
902709
902710
902711
902712
902713
902714
902715
902716
902717
902718
902719
902720
902721
902722
902723
902724
902749
902750
902751
902752
902753
902754
902755
902756
902757
902758
902759
902760
902761
902762
902763
902764
902765
902766
902767
902768
902769
902770
902771
902772
902798
902799
902800
902801
902802
902803
902804
902805
902806
902807
902808
902809
902810
902811
902835
902836
902837
902838
902839
902840
902841
902842
902843
902879
902880
902881
902882
902883
902884
902885
902886
902887
902888
902889
902890
902891
902892
902893
902894
902895
902896
902897
902898
902899
902900
902901
902902
902903
902904
902905
902906
902907
902908
902909
902910
902911
902912
902913
902938
902939
902940
902941
902942
902943
902944
902945
902946
902947
902948
902949
902950
902951
902952
902953
902954
902955
902956
902957
902958
902959
902960
902961
902962
902963
902996
902997
902998
902999
903000
903001
903002
903003
903004
903005
903006
903007
903008
903009
903010
903011
903012
903013
903014
903015
903016
903017
903018
903019
903020
903021
903022
903023
903024
903025
903026
903027
903028
903049
903050
903051
903052
903053
903054
903055
903056
903057
903058
903059
903060
903061
903062
903079
903080
903081
903082
903083
903084
903085
903086
903087
903088
903089
903090
903091
903092
903093
903094
903095
903096
903097
903098
903099
903100
903141
903142
903143
903144
903145
903146
903147
903148
903149
903150
903151
903152
903153
903154
903155
903156
903157
903158
903159
903160
903161
903162
903163
903164
903165
903166
903167
903168
903169
903170
903171
903172
903181
903182
903183
903184
903185
903186
903187
903188
903189
903190
903191
903192
903193
903194
903227
903228
903229
903230
903231
903232
903233
903234
903235
903236
903237
903238
903239
903240
903241
903242
903243
903244
903245
903246
903247
903248
903249
903250
903259
903260
903261
903262
903263
903264
903289
903290
903291
903292
903293
903294
903295
903296
903297
903298
903299
903300
903301
903302
903303
903304
903305
903306
903307
903313
903314
903315
903316
903317
903318
903319
903320
903321
903322
903347
903348
903349
903350
903351
903352
903353
903354
903355
903356
903357
903358
903359
903360
903361
903362
903363
903364
903401
903402
903403
903404
903405
903406
903407
903408
903409
903410
903411
903412
903413
903414
903415
903416
903417
903418
903419
903420
903421
903422
903423
903424
903425
903426
903427
903428
903429
903430
903431
903432
903433
903434
903435
903436
903437
903438
903439
903440
903441
903442
903443
903444
903445
903446
903447
903448
903449
903450
903451
903452
903453
903454
903455
903456
903457
903458
903459
903460
903461
903462
903463
903464
903465
903466
903564
903565
903566
903567
903568
903569
903570
903571
903572
903573
903574
903575
903576
903577
903578
903579
903765
903766
903767
903768
903769
903770
903771
903772
903773
903778
903779
903780
903785
903786
903787
903788
903789
903790
903791
903792
903793
903796
903797
903798
903799
903800
903801
903802
903803
903804
903808
903809
903810
903811
903812
903816
903817
903818
903819
903820
903821
903822
903823
903824
903828
903832
903833
903837
903838
903839
903840
903841
903842
903843
903844
903845
903846
903847
903850
903851
903853
903854
903855
903856
903857
903858
903862
903863
903864
903865
903866
903867
903871
903872
903873
903874
903875
903876
903881
903882
903883
903886
903887
903888
903889
903890
903891
903892
903893
903894
903895
903896
903897
903904
903905
903906
903907
903908
903909
903914
903915
903916
903917
903918
903919
903920
903925
903926
903927
903928
903929
903930
903935
903936
903937
903940
903941
903942
903943
903944
903945
903946
903947
903948
903951
903952
903953
903954
903955
903956
903957
903958
903959
903967
903968
903969
903970
903974
903975
903976
903980
903981
903982
903983
903984
903985
903986
903987
903988
903989
903990
903993
903994
903998
903999
904001
904002
904003
904007
904008
904009
904010
904011
904012
904013
904014
904015
904016
904017
904018
904022
904023
904024
904027
904028
904033
904034
904035
904036
904037
904038
904041
904042
904043
904044
904049
904050
904051
904056
904057
904058
904059
904060
904061
904067
904068
904069
904070
904071
904072
904073
904074
904075
904076
904077
904078
904079
904080
904081
904082
904083
904084
904085
904086
904087
904088
904089
904090
904091
904092
904093
904094
904095
904096
904097
904098
904099
904100
904101
904102
904103
904104
904105
904106
904107
904108
904109
904110
904111
904112
904113
904114
904119
904120
904121
904122
904123
904124
904125
904126
904127
904128
904129
904130
904131
904132
904133
904192
904193
904194
904195
904196
904197
904198
904199
904200
904201
904202
904203
904204
904205
904206
904207
904208
904209
904210
904211
904212
904213
904214
904215
904216
904217
904218
904219
904220
904221
904222
904223
904224
904225
904226
904227
904228
904229
904230
904231
904232
904233
904234
904235
904236
904237
904238
904239
904240
904241
904242
904243
904339
904340
904341
904342
904343
904344
904345
904346
904347
904348
904349
904350
904603
904604
904605
904606
904607
904608
904609
904610
904611
904614
904615
904616
904617
904618
904619
904620
904621
904622
904623
904624
904625
904629
904630
904633
904634
904636
904637
904638
904639
904640
904641
904642
904643
904644
904645
904646
904647
904648
904649
904650
904651
904652
904653
904655
904656
904657
904658
904659
904660
904665
904666
904670
904671
904672
904673
904674
904678
904679
904680
904681
904682
904683
904684
904685
904686
904687
904692
904693
904694
904699
904700
904701
904704
904705
904708
904709
904710
904711
904712
904713
904714
904717
904718
904719
904720
904721
904722
904723
904724
904725
904726
904727
904728
904729
904730
904732
904733
904734
904735
904736
904737
904738
904739
904740
904742
904743
904744
904745
904746
904747
904749
904750
904751
904752
904753
904754
904755
904756
904757
904758
904759
904760
904761
904762
904763
904764
904765
904766
904771
904772
904775
904776
904779
904780
904784
904785
904787
904788
904789
904790
904791
904792
904793
904794
904795
904796
904797
904798
904800
904801
904802
904803
904804
904805
904806
904807
904808
904809
904810
904811
904813
904814
904815
904817
904818
904819
904820
904821
904822
904824
904825
904826
904831
904832
904833
904834
904835
904836
904837
904840
904841
904842
904843
904844
904845
904846
904847
904848
904849
904854
904855
904856
904863
904864
904865
904869
904870
904874
904875
904876
904877
904878
904882
904883
904884
904885
904886
904887
904888
904890
904891
904892
904896
904897
904898
904900
904901
904902
904903
904904
904905
904907
904908
904909
904910
904911
904912
904913
904914
904915
904916
904917
904918
904922
904923
904927
904928
904929
904930
904931
904932
904933
904934
904936
904937
904938
904939
904940
904941
904943
904944
904945
904947
904948
904949
904950
904951
904952
904953
904954
904955
904956
904957
904958
904959
904960
904961
904962
904963
904964
904967
904968
904969
904970
904971
904972
904973
904974
904975
904976
904977
904978
904979
904980
904981
904982
904983
904984
904985
904986
904987
904988
904989
904990
904991
904992
904993
904994
905084
905085
905086
905087
905088
905089
905090
905091
905092
905093
905094
905095
905096
905097
905098
905099
905100
905101
905102
905103
905104
905105
905106
905107
905108
905109
905110
905111
905112
905113
905114
905115
905116
905117
905118
905119
905120
905121
905122
905123
905124
905125
905126
905127
905128
905129
905130
905131
905132
905133
905134
905135
905136
905137
905138
905139
905140
905141
905188
905189
905190
905191
905192
905193
905194
905195
905196
905197
905198
905199
905200
905201
905202
905203
905204
905205
905206
905207
905208
905209
905210
905211
905212
905213
905214
905215
905216
905217
905218
905219
905220
905221
905222
905223
905224
905225
905226
905227
905337
905338
905339
905340
905341
905342
905359
905360
905361
905362
905363
905364
905365
905366
905367
905368
905369
905370
905388
905389
905390
905391
905392
905393
905394
905395
905396
905397
905398
905399
905400
905401
905402
905403
905404
905405
905406
905407
905408
905409
905410
905411
905412
905413
905414
905415
905416
905417
905418
905419
905420
905421
905422
905423
905424
905425
905426
905427
905428
905429
905430
905431
905432
905433
905434
905435
905436
905437
905438
905439
905440
905441
905442
905443
905444
905445
905446
905447
905448
905449
905450
905451
905452
905453
905454
905455
905456
905457
905458
905459
905460
905461
905462
905463
905464
905465
905466
905467
905468
905469
905470
905471
905472
905473
905474
905475
905476
905477
905478
905479
905480
905481
905482
905483
905484
905525
905526
905527
905528
905529
905530
905531
905532
905533
905534
905535
905536
905537
905538
905539
905540
905541
905542
905543
905544
905545
905546
905547
905548
905549
905550
905551
905552
905553
905554
905693
905694
905695
905696
905697
905698
905699
905700
905701
905702
905703
905704
905705
905706
905707
905708
905709
905710
905711
905712
905713
905714
905715
905716
905717
905718
905719
905720
905721
905722
905723
905724
905725
905726
905727
905728
905729
905730
905731
905732
905733
905734
905735
905736
905737
905738
905739
905740
905741
905742
905743
905744
905745
905746
905747
905748
905749
905750
905751
905752
905753
905754
905755
905756
905757
905758
905759
905760
905761
905762
905763
905764
905765
905766
905767
905768
905769
905770
905771
905772
905773
905774
905775
905776
905777
905778
905779
905780
905781
905782
905783
905784
905785
905786
905787
905788
905789
905790
905791
905841
905842
905843
905844
905845
905846
905847
905848
905849
905850
905851
905852
905853
905854
905855
905856
905857
905858
905859
905860
905861
905862
905863
905864
905865
905866
905867
905868
905869
905870
905871
905872
905873
905874
905875
906008
906009
906010
906011
906012
906013
906014
906015
906016
906017
906018
906019
906020
906021
906022
906023
906024
906025
906026
906027
906028
906029
906030
906031
906032
906033
906034
906035
906036
906037
906038
906039
906040
906041
906042
906043
906044
906045
906046
906047
906048
906049
906050
906051
906052
906053
906054
906055
906056
906057
906058
906059
906060
906061
906062
906063
906064
906065
906066
906067
906068
906069
906070
906071
906072
906073
906074
906075
906076
906077
906078
906079
906080
906081
906082
906083
906084
906085
906086
906087
906088
906089
906090
906091
906092
906093
906094
906095
906096
906097
906098
906099
906100
906101
906102
906103
906104
906105
906106
906107
906108
906109
906110
906111
906112
906113
906114
906115
906116
906117
906118
906119
906120
906121
906122
906123
906124
906125
906126
906127
906128
906129
906130
906131
906132
906133
906134
906135
906136
906137
906138
906139
906140
906141
906142
906143
906144
906145
906146
906147
906148
906149
906150
906151
906152
906153
906154
906155
906156
906157
906158
906159
906160
906161
906162
906163
906164
906165
906166
906167
906168
906169
906170
906171
906172
906173
906174
906175
906176
906356
906357
906358
906359
906360
906361
906362
906363
906364
906365
906366
906367
906368
906369
906370
906371
906372
906373
906374
906375
906376
906377
906378
906379
906380
906381
906382
906383
906384
906385
906386
906387
906388
906389
906390
906391
906392
906393
906394
906395
906396
906397
906398
906399
906400
906401
906402
906403
906404
906405
906406
906407
906408
906409
906410
906411
906412
906413
906414
906415
906416
906417
906418
906419
906420
906421
906422
906423
906424
906425
906426
906427
906428
906429
906430
906431
906432
906433
906434
906435
906436
906437
906438
906439
906440
906441
906442
906443
906444
906445
906446
906447
906448
906449
906450
906451
906452
906453
906454
906455
906456
906457
906458
906459
906460
906461
906462
906463
906464
906465
906466
906467
906468
906469
906470
906471
906472
906473
906474
906475
906476
906477
906478
906479
906480
906481
906482
906483
906484
906485
906486
906487
906488
906489
906573
906574
906575
906576
906577
906578
906579
906580
906581
906582
906583
906584
906585
906586
906587
906588
906589
906590
906591
906592
906593
906594
906595
906596
906597
906598
906599
906600
906601
906602
906603
906604
906605
906606
906607
906608
906609
906610
906611
906612
906613
906614
906615
906616
906617
906618
906619
906620
906621
906622
906623
906624
906625
906626
906627
906628
906629
906630
906631
906632
906633
906634
906635
906636
906637
906638
906639
906640
906641
906687
906688
906689
906690
906691
906692
906693
906694
906695
906696
906697
906698
906699
906700
906701
906702
906703
906704
906705
906706
906707
906708
906709
906710
906711
906712
906713
906714
906715
906716
906717
906718
906719
906720
906721
906722
906723
906724
906725
906726
906727
906728
906729
906730
906731
906732
906733
906734
906735
906736
906737
906738
906739
906740
906741
906742
906743
906744
906745
906746
906747
906748
906749
906750
906751
906752
906753
906892
906893
906894
906895
906896
906897
906898
906899
906900
906901
906902
906903
906904
906905
906906
906907
906908
906909
906910
906911
906912
906913
906914
906915
906916
906917
906918
906919
906920
906921
906922
906923
906924
906925
906926
906927
906928
906929
906930
906931
906932
906933
906934
906935
906936
906937
906938
906939
906940
906941
906942
906943
906944
906945
906946
906947
906948
906949
906950
906951
906952
906953
906954
906955
906956
906957
906958
906959
906960
906961
906962
906963
906964
906965
906966
906967
906968
906969
906970
906971
906972
906973
906974
906975
906976
906977
906978
906979
906980
906981
906982
906983
906984
906985
906986
906987
906988
906989
906990
906991
906992
906993
906994
906995
906996
906997
906998
906999
907000
907001
907002
907003
907004
907005
907006
907007
907008
907009
907010
907011
907012
907013
907014
907015
907016
907017
907018
907019
907020
907021
907022
907023
907024
907025
907026
907027
907028
907029
907030
907031
907032
907033
907034
907035
907036
907037
907038
907039
907040
907041
907042
907043
907044
907045
907046
907047
907048
907049
907050
907051
907052
907053
907054
907055
907056
907057
907058
907059
907060
907061
907062
907063
907064
907065
907066
907067
907068
907069
907070
907071
907072
907073
907074
907075
907076
907077
907078
907079
907080
907081
907082
907083
907084
907085
907086
907087
907088
907089
907090
907091
907092
907093
907094
907095
907096
907097
907098
907099
907100
907101
907102
907103
907104
907105
907106
907107
907108
907109
907110
907111
907112
907113
907114
907115
907116
907117
907118
907119
907346
907347
907348
907349
907350
907351
907352
907353
907354
907355
907356
907357
907358
907359
907360
907361
907362
907363
907364
907365
907366
907367
907368
907369
907370
907371
907372
907373
907374
907375
907376
907377
907378
907379
907380
907381
907382
907383
907384
907385
907386
907387
907388
907389
907390
907391
907392
907393
907394
907395
907396
907397
907398
907399
907400
907401
907402
907403
907404
907405
907406
907407
907408
907409
907410
907411
907412
907413
907414
907415
907416
907417
907418
907419
907420
907421
907422
907423
907424
907425
907426
907427
907428
907429
907430
907431
907432
907433
907434
907435
907436
907437
907438
907439
907440
907441
907442
907443
907444
907445
907446
907447
907448
907449
907450
907451
907452
907453
907454
907455
907456
907457
907458
907459
907460
907461
907462
907463
907464
907465
907466
907467
907468
907469
907470
907471
907472
907473
907474
907475
907476
907477
907478
907479
907480
907481
907482
907483
907484
907485
907486
907487
907488
907489
907490
907491
907492
907493
907494
907495
907496
907497
907498
907499
907500
907501
907502
907503
907504
907505
907506
907507
907508
907509
907510
907511
907512
907513
907514
907515
907516
907517
907814
907815
907816
907817
907818
907819
907820
907821
907822
907823
907824
907825
907826
907827
907828
907829
907830
907831
907832
907833
907834
907835
907836
907837
907838
907839
907840
907841
907842
907843
907844
907845
907846
907847
907848
907849
907850
907851
907852
907853
907854
907855
907856
907857
907858
907859
907860
907861
907862
907863
907864
907865
907866
907867
907868
907869
907870
907871
907872
907873
907874
907875
907876
907877
907878
907879
907880
907881
907882
907883
907884
907885
907886
907887
907888
907889
907890
907891
907892
907893
907894
907895
907896
907897
907898
907899
907900
907901
907902
907903
907904
907905
907906
907907
907908
907909
907910
907911
907912
907913
907914
907915
907916
907917
907918
907919
907920
907921
907922
907923
907924
907925
907926
907927
907928
907929
907930
907931
907932
907933
907934
907935
907936
907937
907938
907939
907940
907941
907942
907943
907944
907945
907946
907947
907948
907949
907950
907951
907952
907953
907954
907955
907956
907957
907958
907959
907960
907961
907962
907963
907964
907965
907966
907967
907968
907969
907970
907971
907972
907973
907974
907975
907976
907977
907978
907979
907980
907981
907982
907983
907984
907985
907986
907987
907988
907989
907990
907991
907992
907993
907994
907995
907996
907997
907998
907999
908000
908001
908002
908003
908004
908005
908006
908007
908008
908009
908010
908011
908012
908013
908014
908015
908016
908017
908018
908019
908020
908021
908022
908023
908024
908025
908026
908027
908028
908029
908030
908031
908032
908033
908034
908035
908036
908037
908038
908039
908040
908041
908042
908043
908044
908045
908046
908047
908048
908049
908050
908051
908052
908053
908054
908055
908137
908138
908139
908140
908141
908142
908143
908144
908145
908146
908147
908148
908149
908150
908151
908152
908153
908154
908155
908156
908157
908158
908159
908160
908161
908162
908163
908164
908165
908166
908167
908168
908169
908170
908171
908172
908173
908174
908175
908176
908177
908178
908179
908180
908181
908182
908183
908184
908185
908186
908187
908188
908189
908190
908191
908192
908193
908194
908195
908196
908197
908198
908199
908200
908201
908226
908227
908228
908229
908230
908231
908232
908233
908234
908235
908236
908237
908238
908239
908240
908241
908242
908243
908244
908245
908246
908247
908248
908249
908250
908279
908280
908281
908282
908283
908284
908285
908286
908287
908288
908289
908290
908291
908292
908293
908294
908295
908296
908297
908298
908299
908300
908301
908302
908303
908304
908305
908306
908307
908308
908309
908310
908311
908312
908313
908314
908315
908316
908317
908318
908319
908320
908405
908406
908407
908408
908409
908410
908411
908412
908413
908414
908415
908416
908417
908418
908419
908420
908421
908422
908423
908424
908425
908426
908427
908428
908429
908430
908431
908432
908433
908434
908435
908436
908437
908438
908439
908440
908441
908442
908443
908444
908445
908446
908447
908448
908449
908450
908451
908452
908453
908454
908455
908456
908457
908458
908459
908460
908461
908462
908463
908464
908465
908466
908467
908468
908469
908470
908471
908472
908473
908474
908475
908476
908477
908478
908479
908480
908523
908524
908525
908526
908527
908528
908529
908530
908531
908532
908533
908534
908535
908536
908537
908538
908539
908540
908541
908542
908543
908544
908545
908546
908547
908548
908549
908550
908551
908552
908553
908554
908555
908556
908557
908558
908559
908560
908561
908562
908563
908564
908565
908566
908567
908568
908569
908570
908571
908602
908603
908604
908605
908606
908607
908608
908609
908610
908611
908612
908613
908614
908615
908616
908617
908618
908619
908620
908621
908622
908623
908672
908673
908674
908675
908676
908677
908678
908679
908680
908681
908682
908683
908684
908685
908686
908687
908688
908689
908690
908691
908692
908693
908694
908695
908696
908697
908698
908699
908700
908701
908702
908703
908704
908705
908706
908707
908708
908709
908710
908711
908712
908713
908738
908739
908740
908741
908742
908743
908744
908745
908746
908747
908748
908749
908750
908751
908752
908753
908754
908755
908756
908757
908758
908759
908760
908761
908762
908789
908790
908791
908792
908793
908794
908795
908796
908797
908798
908799
908800
908801
908802
908803
908804
908805
908806
908807
908808
908809
908810
908811
908812
908813
908838
908839
908840
908841
908842
908843
908844
908845
908846
908847
908848
908849
908850
908851
908852
908853
908854
908855
908856
908857
908858
908859
908860
908861
908862
908903
908904
908905
908906
908907
908908
908909
908910
908911
908912
908913
908914
908915
908916
908917
908918
908919
908920
908921
908922
908923
908924
908925
908926
908927
908928
908929
908930
908931
908932
908933
908934
908975
908984
908985
908990
908991
908992
908993
908994
908995
908996
908997
908998
908999
909000
909001
909002
909003
909004
909005
909006
909007
909009
909010
909011
909012
909013
909014
909015
909016
909017
909018
909042
909043
909044
909045
909046
909047
909048
909049
909050
909051
909052
909089
909090
909091
909092
909093
909094
909095
909096
909097
909098
909099
909100
909101
909102
909103
909104
909105
909106
909214
909215
909216
909217
909218
909219
909220
909221
909222
909223
909224
909225
909226
909227
909228
909229
909230
909231
909232
909233
909234
909235
909236
909237
909238
909239
909240
909241
909281
909282
909283
909284
909285
909286
909287
909288
909289
909290
909291
909292
909293
909294
909295
909296
909297
909298
909299
909300
909301
909302
909303
909304
909305
909306
909307
909308
909376
909377
909378
909379
909380
909381
909382
909383
909384
909385
909386
909387
909388
909389
909390
909391
909392
909393
909394
909395
909396
909397
909398
909399
909400
909401
909402
909403
909404
909405
909406
909407
909408
909409
909410
909411
909412
909413
909414
909415
909416
909417
909418
909419
909420
909421
909422
909423
909424
909453
909454
909455
909456
909457
909458
909459
909460
909461
909462
909463
909464
909506
909507
909508
909509
909510
909511
909512
909513
909514
909515
909516
909517
909518
909519
909520
909521
909522
909523
909524
909525
909526
909527
909528
909529
909530
909531
909532
909533
909534
909535
909536
909537
909538
909539
909540
909541
909542
909543
909564
909565
909566
909567
909568
909569
909570
909571
909572
909573
909574
909575
909576
909577
909598
909599
909600
909601
909602
909603
909604
909605
909606
909607
909608
909609
909610
909611
909612
909613
909626
909627
909628
909629
909630
909631
909632
909633
909634
909675
909676
909677
909678
909679
909680
909681
909682
909683
909684
909685
909686
909687
909688
909689
909690
909691
909692
909693
909694
909695
909696
909697
909698
909699
909700
909701
909702
909703
909704
909705
909706
909707
909708
909709
909710
909711
909712
909713
909714
909715
909716
909717
909718
909719
909720
909721
909722
909723
909724
909725
909726
909727
909728
909729
909730
909731
909732
909733
909734
909735
909736
909737
909738
909739
909740
909741
909742
909743
909808
909809
909810
909811
909812
909813
909814
909815
909816
909817
909818
909819
909820
909821
909822
909823
909824
909825
909826
909827
909828
909829
909830
909831
909832
909833
909834
909835
909836
909837
909838
909839
909840
909841
909842
909843
909844
909845
909846
909847
909848
909849
909850
909851
909852
909853
909854
909855
909856
909857
909958
909959
909960
909961
909962
909963
909964
909965
909966
909967
909968
909969
909970
909971
909972
909973
909974
909975
909976
909977
909978
909979
909980
909981
909982
909983
909984
909985
909986
909987
909988
909989
909990
909991
909992
909993
909994
909995
909996
909997
909998
909999
910000
910001
910002
910003
910004
910005
910006
910007
910008
910009
910010
910011
910012
910013
910014
910015
910016
910017
910018
910019
910020
910021
910022
910023
910024
910025
910026
910027
910028
910029
910030
910031
910032
910033
910034
910035
910036
910037
910038
910039
910040
910041
910064
910065
910066
910067
910068
910069
910070
910071
910072
910073
910074
910075
910076
910077
910078
910079
910080
910081
910082
910083
910084
910085
910086
910087
910103
910104
910105
910106
910107
910108
910109
910110
910111
910112
910113
910114
910115
910116
910117
910118
910149
910150
910151
910152
910153
910154
910155
910156
910157
910158
910159
910160
910161
910162
910163
910164
910165
910166
910167
910168
910169
910170
910171
910172
910173
910204
910205
910206
910207
910208
910209
910210
910211
910212
910213
910214
910215
910216
910217
910218
910219
910220
910221
910222
910223
910224
910225
910226
910227
910228
910246
910247
910248
910249
910250
910251
910252
910253
910254
910255
910256
910257
910258
910259
910260
910261
910262
910263
910264
910265
910266
910267
910268
910269
910270
910271
910324
910325
910326
910327
910328
910329
910330
910331
910332
910333
910334
910335
910336
910337
910338
910339
910340
910341
910342
910343
910344
910345
910346
910347
910348
910349
910350
910351
910352
910353
910354
910355
910356
910357
910358
910359
910360
910361
910362
910363
910364
910375
910376
910377
910378
910379
910380
910381
910382
910383
910391
910392
910393
910394
910395
910396
910397
910398
910414
910415
910416
910417
910418
910419
910420
910421
910422
910423
910424
910425
910426
910427
910428
910429
910430
910431
910432
910433
910434
910435
910436
910437
910438
910439
910440
910441
910442
910443
910444
910445
910446
910447
910448
910457
910458
910459
910460
910461
910462
910550
910551
910552
910553
910554
910555
910556
910557
910558
910559
910560
910561
910562
910563
910564
910565
910566
910567
910568
910569
910570
910571
910572
910573
910574
910575
910576
910577
910578
910579
910580
910581
910582
910583
910584
910585
910586
910587
910588
910589
910590
910591
910592
910593
910594
910595
910596
910597
910598
910599
910600
910601
910602
910603
910604
910605
910606
910607
910608
910609
910610
910611
910612
910613
910614
910615
910616
910617
910618
910706
910707
910739
910740
910741
910742
910743
910744
910745
910746
910747
910748
910749
910750
910751
910752
910821
910822
910837
910838
910839
910840
910841
910842
910843
910844
910845
910846
912480
912481
912482
912483
912484
912485
912486
912487
912488
912489
912490
912491
912492
912493
912494
912495
912496
912497
912498
912499
912500
912501
912502
912503
912504
912505
912506
912507
912508
912509
912510
912511
912512
912513
912514
912515
912516
912517
912518
912519
912520
912521
912522
912523
912524
912525
912526
912527
912528
912529
912530
912531
912532
912533
912534
912535
912536
912537
912538
912539
912540
912541
912542
912543
912544
912545
912546
912547
912548
912549
912550
912551
912552
912553
912554
912555
912556
912557
912558
912559
912560
912561
912562
912563
912564
912565
912566
912567
912568
912569
912570
912571
912572
912573
912574
912575
912576
912577
912578
912579
912580
912581
912582
912583
912584
912585
912586
912587
912588
912589
912590
912591
912592
912593
912594
912595
920068
920069
920070
920071
920072
920073
920074
920075
920076
920077
920078
920079
920080
920081
920082
920083
920084
920085
926183
926184
926185
926186
926187
926188
926189
926190
926191
926192
926193
926194
926195
926196
926197
926198
926199
926200
926201
926202
926203
926204
926205
926206
926207
926208
926209
926210
926211
926212
926213
926214
926215
926216
926217
926218
926219
926220
926221
926222
926223
926224
926225
926226
926227
926228
926229
926230
926231
926232
926233
926234
926235
926236
926237
926238
926239
926240
926241
926242
926243
926244
926245
926246
926247
926248
926249
926250
926251
926252
926253
926254
926255
926256
926257
926258
926259
926260
926261
926262
926263
926264
926265
926266
926267
926268
926269
926270
926271
926272
926273
926274
926275
926276
926277
926278
926279
926280
926281
926282
926283
926284
926285
926286
926287
926288
926289
926290
926291
926292
926293
926294
926295
926296
926297
926298
926299
926300
926301
926302
926303
926304
926305
926306
926307
926308
926309
926310
926311
926312
926313
926314
926315
926316
926317
926318
926319
926320
926321
926322
926323
926324
926325
926326
926327
926328
926329
926330
926331
926332
926333
926334
926335
926336
926337
926338
926339
926340
926341
926342
926343
926344
926345
926346
926347
926348
926349
926350
926351
926352
926353
926354
926355
926356
926357
926358
926359
926360
926361
926362
926363
926364
926365
926366
926367
926368
926369
926370
926371
926372
926373
926374
926375
926376
926377
926378
926379
926380
926381
926382
926383
926384
926385
926386
926387
926388
926389
926390
926391
926392
926393
926394
926395
926396
926397
926398
926399
926400
926401
926402
926403
926404
926405
926406
926407
926408
926409
926410
926411
926412
926413
926414
926415
926416
926417
926418
926419
926420
926421
926422
926423
926424
926425
926426
926427
926428
926429
926430
926431
926432
926433
926434
926435
926436
926437
926438
926439
926440
926441
926442
926443
926444
926445
926446
926447
926448
926449
926450
926451
926452
926453
926454
926455
926456
926457
926458
926459
926460
926461
926462
926463
926464
926465
926466
926467
926468
926469
926470
926471
926472
926473
926474
926475
926476
926477
926478
926479
926480
926481
926482
926483
926484
926485
926486
926487
926488
926489
926490
926491
926492
926493
926494
926495
926496
926497
926498
926499
926500
926501
926502
926503
926504
926505
926506
926507
926508
926509
926510
926511
926512
953270
953271
953272
953273
953274
953275
953276
953277
953278
953279
953280
953281
953282
953283
953284
953285
953286
953287
953288
953289
953290
953291
953292
953293
953294
953295
953296
953297
953298
953299
953300
953301
953302
953303
953304
953307
953308
953309
953310
953311
953312
953313
953314
953315
953316
953317
953318
953319
953320
953361
953362
953363
953364
953365
953366
953367
953368
953369
953370
953371
953372
953373
953374
953375
953376
953444
953445
953446
953447
953448
953449
953450
953451
953452
953453
953454
953455
953456
953457
953458
953459
953460
953461
953462
953463
953464
953465
953466
953467
953468
953469
953470
953471
953472
953473
953474
953475
953476
953477
953478
953479
953783
953784
953785
953786
953787
953788
953789
953790
953791
953792
953793
953794
953795
953834
953835
953836
953837
953838
953839
953840
953841
953842
954015
954016
954017
954018
954019
954020
954021
954022
954023
954024
954025
954026
954027
954028
954029
954045
954046
954047
954048
954049
954050
954051
954052
954053
954054
954055
954056
954057
954058
954059
954060
954061
954062
954063
954210
954211
954212
954213
954214
954215
954216
954217
954218
954219
954220
954221
954222
954223
954224
954225
954226
954227
954228
954229
954230
954231
954232
954233
954234
954366
954367
954368
954369
954370
954371
954372
954373
954374
954375
954376
954377
954378
954379
954380
954381
954382
954383
954384
954385
954386
954387
954388
954389
954390
954391
954392
954393
955252
955253
955254
955255
955256
955257
955258
955265
955266
955267
955268
955347
955348
955349
955350
955351
955352
955353
955354
955355
955356
955357
955358
955792
955793
955794
955795
955855
955856
955857
955858
955859
955860
955861
955862
955863
955864
955865
955866
955867
955868
955869
955870
955871
955872
955873
955874
955875
955876
956047
956048
956049
956050
956051
956052
956053
956054
956055
956056
956057
956058
956059
956060
956061
956062
956063
956073
956074
956075
956076
956146
956147
956148
956149
956150
956151
956225
956226
956227
956228
956229
956230
956231
956232
956656
956657
956658
956659
956660
956661
956685
956686
956687
956688
956689
956690
956691
956692
956693
956694
956695
956696
956697
956698
956699
956700
956701
956702
956703
956704
956705
956706
956707
956708
956728
956729
956730
956731
956732
956733
956734
956735
956736
956737
956738
956739
956740
956741
956742
956743
956744
956745
956762
956763
956764
956765
956766
956767
956768
956769
956770
956771
956772
956773
956774
956775
956776
956777
956778
956779
956802
956803
956804
956805
956806
956807
956808
956809
956810
956811
956812
956813
956814
956815
956816
956819
956820
956821
956822
956823
956824
956825
956826
956827
956828
956829
956830
956831
956832
956833
956834
956835
956836
956837
956860
956861
956862
956863
956864
956865
956866
956867
956868
956869
956870
956871
956872
956873
956874
956875
956876
956917
956918
956919
956920
956921
956922
956923
956924
956925
956926
956927
956928
956929
956930
956931
956932
956933
956934
956935
956936
956937
956938
956939
956940
956941
956942
956943
956944
956945
956946
956947
956948
956955
956956
956957
956958
956959
957021
957022
957023
957024
957025
957026
957027
957028
957029
957030
957031
957032
957033
957039
957040
957041
957042
957043
957044
957099
957100
957101
957102
957103
957104
957105
957106
957107
957108
957109
957110
957111
957112
957113
957128
957129
957130
957131
957226
957227
957228
957229
957230
957231
957232
957233
957234
957235
957236
957237
957238
957239
957240
957241
957242
957243
957244
957245
957246
957247
957248
957249
957250
957251
957252
957278
957279
957280
957281
957282
957283
957284
957285
957286
957287
957288
957289
957290
957291
957292
957293
957294
957295
957296
957297
957298
957331
957332
957333
957334
957335
957336
957337
957338
957339
957340
957341
957342
957343
957344
957345
957346
957347
957348
957349
957350
957351
957352
957353
957366
957367
957368
957369
957390
957391
957392
957393
957394
957395
957396
957397
957398
957399
957400
957401
957402
957406
957407
957413
957414
957423
957424
957425
957426
957427
957428
957429
957430
957431
957444
957445
957446
957447
957448
957449
957450
957451
957452
957453
957460
957461
957462
957463
957464
957465
957480
957481
957482
957483
957484
957485
957486
957487
957488
957489
957490
957491
957492
957493
957494
957495
957496
957497
957519
957520
957521
957522
957523
957524
957525
957526
957527
957528
957529
957530
957531
957532
957533
957534
957540
957551
957552
957561
957562
957563
957564
957565
957566
957567
957568
957569
957570
957571
957572
957573
957574
957575
957576
957577
957578
957579
957580
957581
957582
957583
957584
957585
957586
957587
957588
957670
957671
957672
957673
957674
957675
957676
957677
957678
957679
957680
957681
957682
957683
957684
957685
957686
957687
957688
957689
957690
957691
957692
957693
957694
957695
957696
957697
957698
957728
957729
957730
957731
957732
957733
957734
957735
957736
957737
957738
957739
957740
957741
957742
957743
957744
957745
957746
957747
957748
957749
957750
957751
957752
957753
957754
957755
957756
957757
957758
957759
957760
957761
957762
957763
957764
957765
957766
957767
957768
957769
957770
957771
957772
957773
957774
957775
957776
957777
957778
957779
957780
957781
957782
957783
957784
957785
957786
957787
957788
957789
957790
957791
957792
958166
958167
958168
958169
958170
958171
958172
958173
958174
958175
958176
958177
958178
958179
958180
958181
958182
958183
958184
958185
958186
958187
958188
958189
958190
958191
958192
958193
958194
958195
958196
958197
958198
958199
958200
958201
958202
958203
958204
958205
958206
958207
958208
958209
958210
958211
958212
958213
958214
958215
958216
958217
958218
958219
958220
958221
958222
958223
958224
958225
958226
958247
958248
958249
958250
958251
958252
958253
958254
958255
958256
958257
958278
958279
958280
958281
958282
958283
958284
958285
958286
958287
958288
958289
958290
958291
958292
958293
958294
958295
958296
958297
958298
958299
958300
958301
958302
958303
958304
958305
958306
958307
958308
958309
958428
958429
958430
958431
958432
958433
958434
958435
958436
958437
958438
958439
958440
958441
958442
958443
958444
958446
958447
958448
958471
958472
958473
958474
958475
958476
958477
958478
958479
958480
958481
958482
958483
958484
958485
958486
958487
958488
958489
958490
958491
958492
958493
958494
958495
958496
958497
958498
958575
958576
958577
958578
958579
958580
958581
958582
958583
958584
958585
958586
958587
958588
958589
958590
958591
958592
958593
958594
958595
958596
958597
958598
958599
958600
958601
958602
958603
958604
958605
958606
958607
958608
958609
958610
958611
958612
958613
958614
958615
958616
958617
958618
958619
958620
958621
958622
958623
958624
958625
958626
958627
958628
958629
958630
958631
958632
958633
958634
958635
958636
958637
958638
958639
958652
958653
958654
958655
958656
958657
958658
958659
958735
958736
958737
958738
958739
958740
958741
958742
958743
958744
958745
958746
958747
958748
958749
958750
958751
958752
958753
958754
958755
958756
958757
958758
958759
958760
958761
958762
958763
958764
958765
958766
958767
958768
958769
958770
958771
958772
958773
958774
958775
958776
958777
958778
958779
958780
958781
958782
958824
958825
958826
958827
958843
958844
958845
958846
958847
958848
958849
958850
958851
958852
958853
958854
958855
958856
958865
958866
958867
958868
958869
959076
959077
959078
959079
959080
959081
959098
959099
959100
959101
959102
959103
959104
959105
959106
959107
959108
959109
959115
959116
959138
959139
959142
959143
959150
959151
959152
959153
959154
959155
959159
959160
959161
959494
959495
959712
959713
959714
959715
959716
959717
959718
959719
)


// ************************************************************************* //
